#1000/Tc Tig Error
#sBuOH
1.3855  154.78  4.3600
1.3490  95.060  3.5000
1.2981  64.030  1.5000
1.2453  37.700  2.1500
1.2261  29.080  2.1900
1.1816  14.450  1.0200
1.1639  11.250  0.58000


#iBuOH
1.3271  233.99  11.580
1.2821  104.13  0.59000
1.2298  42.270  1.0300
1.2019  25.380  0.88000
1.1674  13.290  0.41000


#nBuOH
1.4745  72.32000    2.3400
1.4701  67.80000    0.86000
1.4386  42.24000    4.8900
1.4134  23.24000    2.5500
1.3794  13.32000    2.1300
1.3528  12.24000    0.66000
1.3342  9.960000    1.0600
1.3141  7.720000    0.46000


#tBuOh
1.3731  155.86  8.4100
1.3325  85.670  2.1600
1.2868  49.490  2.1000
1.2341  25.550  1.2700
1.1683  9.2200  0.72000
