#1000/Tc Tig Error VPRO
#sBuOH
1.3855  154.78  4.3600  ?
1.3490  95.060  3.5000  129.37
1.2981  64.030  1.5000  50.991
1.2453  37.700  2.1500  23.160
1.2261  29.080  2.1900  17.360
1.1816  14.450  1.0200  8.9118
1.1639  11.250  0.5800  6.7882


#iBuOH
1.3271  233.99  11.580  86.581
1.2821  104.13  0.5900  45.100
1.2298  42.270  1.0300  21.490
1.2019  25.380  0.8800  14.051
1.1674  13.290  0.4100  7.8055


#nBuOH
1.4745  72.320  2.3400  ?
1.4701  67.800  0.8600  239.92
1.4386  42.240  4.8900  91.855
1.4134  23.240  2.5500  51.438
1.3794  13.320  2.1300  30.907
1.3528  12.240  0.6600  20.515
1.3342  9.9600  1.0600  15.068
1.3141  7.7200  0.4600  11.687


#tBuOh
1.3731  155.86  8.4100  137.95
1.3325  85.670  2.1600  70.675
1.2868  49.490  2.1000  39.167
1.2341  25.550  1.2700  22.777
1.1683  9.2200  0.7200  12.140