10.0     57.0
11.0     3.0
12.0     610.0
13.0     734.0
14.0     6142.0
15.0     30264.0
16.0     2181.0
17.0     12420.0
18.0     62454.0
19.1     1860.0
20.1     383.0
21.1     65.0
22.1     135.0
23.1     50.0
24.1     188.0
25.1     978.0
26.1     7259.0
27.0     37887.0
28.0     49402.0
29.0     55547.0
30.0     3098.0
31.0     199130.0
32.0     18321.0
33.0     814.0
34.0     154.0
35.0     13.0
36.0     206.0
37.0     2654.0
38.0     5759.0
39.0     41546.0
40.0     7538.0
41.0     156426.0
42.0     17135.0
43.0     75454.0
44.0     11036.0
45.0     3898.0
46.0     90.0
47.0     21.0
48.0     65.0
49.0     660.0
50.0     2591.0
51.0     2884.0
52.0     646.0
53.0     3132.0
54.0     730.0
55.0     9752.0
56.0     12039.0
57.0     48260.0
58.0     8662.0
59.0     556463.0
60.0     18947.0
61.0     1343.0
62.0     21.0
63.0     3.0
64.0     -40.0
65.0     26.0
66.0     66.0
67.0     34.0
68.0     -8.0
69.0     154.0
70.0     50.0
71.0     370.0
72.0     105.0
73.0     57.0
74.0     70.0
75.0     8.0
76.0     -11.0
77.0     -30.0
78.0     38.0
79.0     24.0
80.0     113.0
81.0     41.0
82.0     44.0
83.0     29.0
84.0     -13.0
85.0     78.0
86.0     -6.0
87.0     -62.0
88.0     34.0
89.0     86.0
90.0     -14.0
91.0     6.0
92.0     65.0
93.0     14.0
94.0     39.0
95.0     79.0
96.0     135.0
97.0     11.0
98.0     26.0
99.0     73.0
100.0    21.0
101.0    29.0
102.0    86.0
103.0    47.0
104.0    -11.0
105.0    65.0
106.0    95.0
107.0    22.0
108.0    6.0
109.0    36.0
110.0    79.0
111.0    65.0
112.0    44.0
113.0    111.0
114.0    18.0
115.0    31.0
116.0    14.0
117.0    121.0
118.0    82.0
119.0    13.0
120.0    0.0
121.0    50.0
122.0    -3.0
123.0    21.0
124.0    -8.0
125.0    54.0
126.0    30.0
127.0    29.0
128.0    73.0
129.0    42.0
130.0    102.0
131.0    3.0
132.0    -2.0
133.0    50.0
134.0    -22.0
135.0    26.0
136.0    50.0
137.0    57.0
138.0    90.0
139.0    47.0
140.0    18.0
141.0    -14.0
142.0    2.0
143.0    46.0
144.0    21.0
145.0    18.0
146.0    -6.0
147.0    -66.0
148.0    22.0
149.0    79.0
150.0    29.0
