#1000/Tc Tig    Error
#sBuOH
1.2390  131.82  7.87000
1.2250  87.550  2.21000
1.2090  62.030  0.93000
1.1950  44.330  0.63000
1.1780  31.760  0.85000
1.1630  23.410  1.05000
1.1500  19.080  0.62000


#iBuOH
1.2259  112.55  5.3500
1.2124  73.520  3.5100
1.1980  49.790  3.0700
1.1823  34.600  1.2100
1.1683  24.490  1.5300


#nBuOH
1.3797  66.76   3.9532
1.3564  49.8    2.1591
1.3186  36.16   1.1924
1.2749  28.64   1.6913
1.2706  23.24   0.85329
1.2256  20.64   0.75118
1.2107  17.6    1.4523
1.1923  15.32   1.1613


#tBuOH
1.2503  175.28  7.7400
1.2379  135.81  2.3100
1.2189  99.080  3.7900
1.2068  71.410  3.1100
1.1939  56.530  2.3700
1.1739  45.310  2.1200