Time       Trigger  Sample
-0.00240    0.08    6.52
-0.00239    0.10    6.52
-0.00238    0.10    6.52
-0.00237    0.12    6.56
-0.00236    0.12    6.56
-0.00235    0.10    6.56
-0.00234    0.12    6.56
-0.00233    0.10    6.52
-0.00232    0.10    6.56
-0.00231    0.10    6.52
-0.00230    0.08    6.52
-0.00229    0.18    6.56
-0.00228    0.10    6.56
-0.00227    0.10    6.52
-0.00226    0.10    6.56
-0.00225    0.10    6.52
-0.00224    0.10    6.56
-0.00223    0.10    6.52
-0.00222    0.08    6.52
-0.00221    0.10    6.52
-0.00220    0.10    6.56
-0.00219    0.10    6.56
-0.00218    0.10    6.52
-0.00217    0.10    6.52
-0.00216    0.08    6.56
-0.00215    0.10    6.52
-0.00214    0.12    6.56
-0.00213    0.10    6.52
-0.00212    0.08    6.52
-0.00211    0.08    6.56
-0.00210    0.10    6.52
-0.00209    0.04    6.56
-0.00208    0.08    6.52
-0.00207    0.10    6.52
-0.00206    0.10    6.52
-0.00205    0.10    6.52
-0.00204    0.10    6.52
-0.00203    0.10    6.52
-0.00202    0.10    6.52
-0.00201    0.10    6.56
-0.00200    0.12    6.56
-0.00199    0.12    6.52
-0.00198    0.10    6.52
-0.00197    0.08    6.52
-0.00196    0.10    6.52
-0.00195    0.18    6.52
-0.00194    0.10    6.56
-0.00193    0.10    6.52
-0.00192    0.10    6.52
-0.00191    0.12    6.56
-0.00190    0.10    6.52
-0.00189    0.12    6.56
-0.00188    0.10    6.56
-0.00187    0.10    6.52
-0.00186    0.10    6.52
-0.00185    0.10    6.52
-0.00184    0.10    6.56
-0.00183    0.10    6.52
-0.00182    0.10    6.52
-0.00181    0.10    6.52
-0.00180    0.10    6.52
-0.00179    0.10    6.56
-0.00178    0.10    6.56
-0.00177    0.10    6.52
-0.00176    0.08    6.52
-0.00175    0.10    6.52
-0.00174    0.10    6.52
-0.00173    0.12    6.56
-0.00172    0.10    6.52
-0.00171    0.10    6.56
-0.00170    0.10    6.56
-0.00169    0.10    6.52
-0.00168    0.10    6.56
-0.00167    0.10    6.56
-0.00166    0.08    6.52
-0.00165    0.10    6.56
-0.00164    0.12    6.56
-0.00163    0.10    6.56
-0.00162    0.10    6.56
-0.00161    0.10    6.52
-0.00160    0.10    6.56
-0.00159    0.10    6.52
-0.00158    0.12    6.56
-0.00157    0.10    6.52
-0.00156    0.08    6.52
-0.00155    0.18    6.56
-0.00154    0.10    6.52
-0.00153    0.10    6.52
-0.00152    0.10    6.56
-0.00151    0.08    6.56
-0.00150    0.08    6.56
-0.00149    0.18    6.56
-0.00148    0.10    6.56
-0.00147    0.10    6.52
-0.00146    0.10    6.52
-0.00145    0.10    6.56
-0.00144    0.12    6.52
-0.00143    0.10    6.56
-0.00142    0.10    6.52
-0.00141    0.10    6.52
-0.00140    0.10    6.56
-0.00139    0.10    6.56
-0.00138    0.10    6.56
-0.00137    0.10    6.52
-0.00136    0.12    6.52
-0.00135    0.12    6.52
-0.00134    0.10    6.56
-0.00133    0.10    6.52
-0.00132    0.12    6.56
-0.00131    0.10    6.56
-0.00130    0.10    6.52
-0.00129    0.28    6.56
-0.00128    0.10    6.52
-0.00127    0.12    6.56
-0.00126    0.10    6.52
-0.00125    0.08    6.56
-0.00124    0.10    6.52
-0.00123    0.10    6.52
-0.00122    0.10    6.56
-0.00121    0.10    6.56
-0.00120    0.10    6.52
-0.00119    0.10    6.52
-0.00118    0.10    6.52
-0.00117    0.10    6.52
-0.00116    0.14    6.52
-0.00115    0.16    6.52
-0.00114    0.10    6.52
-0.00113    0.08    6.52
-0.00112    0.10    6.52
-0.00111    0.08    6.52
-0.00110    0.10    6.52
-0.00109    0.18    6.56
-0.00108    0.10    6.52
-0.00107    0.08    6.56
-0.00106    0.10    6.56
-0.00105    0.10    6.56
-0.00104    0.10    6.56
-0.00103    0.10    6.52
-0.00102    0.08    6.52
-0.00101    0.10    6.56
-0.00100    0.10    6.52
-0.00099    0.10    6.56
-0.00098    0.10    6.52
-0.00097    0.10    6.56
-0.00096    0.12    6.56
-0.00095    0.00    6.52
-0.00094    0.10    6.56
-0.00093    0.12    6.56
-0.00092    0.10    6.56
-0.00091    0.10    6.56
-0.00090    0.10    6.52
-0.00089    0.18    6.56
-0.00088    0.10    6.56
-0.00087    0.10    6.56
-0.00086    0.08    6.56
-0.00085    0.10    6.56
-0.00084    0.10    6.52
-0.00083    0.10    6.56
-0.00082    0.10    6.52
-0.00081    0.10    6.56
-0.00080    0.10    6.56
-0.00079    0.08    6.52
-0.00078    0.10    6.52
-0.00077    0.10    6.56
-0.00076    0.10    6.52
-0.00075    0.12    6.52
-0.00074    0.10    6.56
-0.00073    0.08    6.56
-0.00072    0.10    6.52
-0.00071    0.10    6.56
-0.00070    0.12    6.56
-0.00069    0.02    6.56
-0.00068    0.10    6.56
-0.00067    0.10    6.52
-0.00066    0.12    6.56
-0.00065    0.10    6.52
-0.00064    0.10    6.56
-0.00063    0.08    6.52
-0.00062    0.10    6.52
-0.00061    0.10    6.52
-0.00060    0.10    6.52
-0.00059    0.10    6.56
-0.00058    0.12    6.52
-0.00057    0.12    6.56
-0.00056    0.12    6.52
-0.00055    0.04    6.52
-0.00054    0.10    6.56
-0.00053    0.10    6.52
-0.00052    0.12    6.52
-0.00051    0.10    6.56
-0.00050    0.10    6.52
-0.00049    0.16    6.56
-0.00048    0.12    6.52
-0.00047    0.10    6.56
-0.00046    0.08    6.52
-0.00045    0.10    6.52
-0.00044    0.10    6.52
-0.00043    0.10    6.52
-0.00042    0.10    6.56
-0.00041    0.12    6.52
-0.00040    0.12    6.56
-0.00039    0.10    6.52
-0.00038    0.10    6.56
-0.00037    0.08    6.56
-0.00036    0.12    6.52
-0.00035    0.10    6.52
-0.00034    0.10    6.52
-0.00033    0.10    6.56
-0.00032    0.08    6.56
-0.00031    0.12    6.56
-0.00030    0.08    6.56
-0.00029    0.12    6.56
-0.00028    0.10    6.56
-0.00027    0.10    6.56
-0.00026    0.10    6.56
-0.00025    0.10    6.56
-0.00024    0.10    6.52
-0.00023    0.08    6.56
-0.00022    0.10    6.52
-0.00021    0.08    6.56
-0.00020    0.12    6.56
-0.00019    0.12    6.52
-0.00018    0.10    6.52
-0.00017    0.08    6.52
-0.00016    0.12    6.52
-0.00015    0.04    6.52
-0.00014    0.10    6.56
-0.00013    0.10    6.60
-0.00012    0.10    6.56
-0.00011    0.10    6.56
-0.00010    0.10    6.52
-0.00009    0.08    6.52
-0.00008    0.10    6.56
-0.00007    0.08    6.52
-0.00006    0.10    6.52
-0.00005    0.10    6.52
-0.00004    0.10    6.56
-0.00003    0.08    6.52
-0.00002    0.10    6.56
-0.00001    0.10    6.56
00.00000    4.26    6.52
00.00001    4.26    6.56
00.00002    4.26    6.52
00.00003    4.26    6.56
00.00004    4.26    6.56
00.00005    4.26    6.56
00.00006    4.26    6.56
00.00007    4.26    6.56
00.00008    4.26    6.56
00.00009    4.26    6.56
00.00010    4.26    6.52
00.00011    4.26    6.56
00.00012    4.26    6.52
00.00013    4.26    6.56
00.00014    4.26    6.56
00.00015    4.26    6.56
00.00016    4.26    6.56
00.00017    4.26    6.56
00.00018    4.26    6.56
00.00019    4.26    6.56
00.00020    4.26    6.56
00.00021    4.26    6.52
00.00022    4.26    6.56
00.00023    4.26    6.60
00.00024    4.26    6.56
00.00025    4.26    6.52
00.00026    4.26    6.56
00.00027    4.26    6.56
00.00028    4.26    6.56
00.00029    4.26    6.56
00.00030    4.26    6.52
00.00031    4.26    6.60
00.00032    4.26    6.56
00.00033    4.26    6.56
00.00034    4.26    6.56
00.00035    4.26    6.56
00.00036    4.26    6.56
00.00037    4.26    6.56
00.00038    4.26    6.56
00.00039    4.26    6.56
00.00040    4.26    6.56
00.00041    4.26    6.56
00.00042    4.26    6.56
00.00043    4.26    6.56
00.00044    4.26    6.56
00.00045    4.26    6.52
00.00046    4.26    6.56
00.00047    4.26    6.56
00.00048    4.26    6.56
00.00049    4.26    6.56
00.00050    4.26    6.56
00.00051    4.26    6.52
00.00052    4.26    6.56
00.00053    4.26    6.56
00.00054    4.26    6.56
00.00055    4.26    6.56
00.00056    4.26    6.56
00.00057    4.26    6.52
00.00058    4.26    6.56
00.00059    4.26    6.52
00.00060    4.26    6.56
00.00061    4.26    6.56
00.00062    4.26    6.56
00.00063    4.26    6.56
00.00064    4.26    6.52
00.00065    4.26    6.56
00.00066    4.26    6.56
00.00067    4.26    6.52
00.00068    4.26    6.52
00.00069    4.26    6.56
00.00070    4.26    6.56
00.00071    4.26    6.56
00.00072    4.26    6.56
00.00073    4.26    6.56
00.00074    4.26    6.56
00.00075    4.26    6.56
00.00076    4.26    6.56
00.00077    4.26    6.56
00.00078    4.26    6.52
00.00079    4.26    6.52
00.00080    4.26    6.56
00.00081    4.26    6.56
00.00082    4.26    6.56
00.00083    4.26    6.56
00.00084    4.26    6.56
00.00085    4.26    6.56
00.00086    4.26    6.56
00.00087    4.26    6.56
00.00088    4.26    6.56
00.00089    4.26    6.56
00.00090    4.26    6.56
00.00091    4.26    6.56
00.00092    4.26    6.56
00.00093    4.26    6.52
00.00094    4.26    6.56
00.00095    4.26    6.56
00.00096    4.26    6.56
00.00097    4.26    6.56
00.00098    4.26    6.56
00.00099    4.26    6.56
00.00100    4.26    6.56
00.00101    4.26    6.56
00.00102    4.26    6.56
00.00103    4.26    6.56
00.00104    4.26    6.56
00.00105    4.26    6.56
00.00106    4.26    6.52
00.00107    4.26    6.56
00.00108    4.26    6.56
00.00109    4.26    6.56
00.00110    4.26    6.56
00.00111    4.26    6.56
00.00112    4.26    6.56
00.00113    4.26    6.56
00.00114    4.26    6.56
00.00115    4.26    6.56
00.00116    4.26    6.56
00.00117    4.26    6.56
00.00118    4.26    6.56
00.00119    4.26    6.56
00.00120    4.26    6.56
00.00121    4.26    6.56
00.00122    4.26    6.56
00.00123    4.26    6.52
00.00124    4.26    6.56
00.00125    4.26    6.56
00.00126    4.26    6.56
00.00127    4.26    6.56
00.00128    4.26    6.56
00.00129    4.26    6.56
00.00130    4.26    6.56
00.00131    4.26    6.56
00.00132    4.26    6.52
00.00133    4.26    6.56
00.00134    4.26    6.56
00.00135    4.26    6.56
00.00136    4.26    6.52
00.00137    4.26    6.56
00.00138    4.26    6.56
00.00139    4.26    6.56
00.00140    4.26    6.56
00.00141    4.26    6.52
00.00142    4.26    6.56
00.00143    4.26    6.56
00.00144    4.26    6.56
00.00145    4.26    6.60
00.00146    4.26    6.56
00.00147    4.26    6.56
00.00148    4.26    6.56
00.00149    4.26    6.56
00.00150    4.26    6.52
00.00151    4.26    6.56
00.00152    4.26    6.56
00.00153    4.26    6.56
00.00154    4.26    6.56
00.00155    4.26    6.56
00.00156    4.26    6.56
00.00157    4.26    6.56
00.00158    4.26    6.56
00.00159    4.26    6.56
00.00160    4.26    6.56
00.00161    4.26    6.56
00.00162    4.26    6.56
00.00163    4.26    6.56
00.00164    4.26    6.56
00.00165    4.26    6.60
00.00166    4.26    6.56
00.00167    4.26    6.56
00.00168    4.26    6.56
00.00169    4.26    6.56
00.00170    4.26    6.56
00.00171    4.26    6.52
00.00172    4.26    6.56
00.00173    4.26    6.56
00.00174    4.26    6.56
00.00175    4.26    6.56
00.00176    4.26    6.56
00.00177    4.26    6.56
00.00178    4.26    6.56
00.00179    4.26    6.56
00.00180    4.26    6.56
00.00181    4.26    6.56
00.00182    4.26    6.56
00.00183    4.26    6.56
00.00184    4.26    6.56
00.00185    4.26    6.56
00.00186    4.26    6.56
00.00187    4.26    6.56
00.00188    4.26    6.52
00.00189    4.26    6.56
00.00190    4.26    6.56
00.00191    4.26    6.56
00.00192    4.26    6.56
00.00193    4.26    6.56
00.00194    4.26    6.56
00.00195    4.26    6.56
00.00196    4.26    6.56
00.00197    4.26    6.56
00.00198    4.26    6.52
00.00199    4.26    6.52
00.00200    4.26    6.56
00.00201    4.26    6.52
00.00202    4.26    6.56
00.00203    4.26    6.52
00.00204    4.26    6.56
00.00205    4.26    6.52
00.00206    4.26    6.52
00.00207    4.26    6.56
00.00208    4.26    6.56
00.00209    4.26    6.56
00.00210    4.26    6.56
00.00211    4.26    6.56
00.00212    4.26    6.56
00.00213    4.26    6.56
00.00214    4.26    6.52
00.00215    4.26    6.52
00.00216    4.26    6.56
00.00217    4.26    6.56
00.00218    4.26    6.56
00.00219    4.26    6.56
00.00220    4.26    6.56
00.00221    4.26    6.56
00.00222    4.26    6.56
00.00223    4.26    6.56
00.00224    4.26    6.56
00.00225    4.26    6.52
00.00226    4.26    6.56
00.00227    4.26    6.56
00.00228    4.26    6.56
00.00229    4.26    6.56
00.00230    4.26    6.56
00.00231    4.26    6.56
00.00232    4.26    6.56
00.00233    4.26    6.52
00.00234    4.26    6.56
00.00235    4.26    6.56
00.00236    4.26    6.56
00.00237    4.26    6.56
00.00238    4.26    6.52
00.00239    4.26    6.56
00.00240    4.26    6.56
00.00241    4.26    6.56
00.00242    4.26    6.56
00.00243    4.26    6.56
00.00244    4.26    6.56
00.00245    4.26    6.56
00.00246    4.26    6.56
00.00247    4.26    6.52
00.00248    4.26    6.56
00.00249    4.26    6.56
00.00250    4.26    6.56
00.00251    4.26    6.56
00.00252    4.26    6.52
00.00253    4.26    6.56
00.00254    4.26    6.56
00.00255    4.26    6.52
00.00256    4.26    6.56
00.00257    4.26    6.56
00.00258    4.26    6.56
00.00259    4.26    6.56
00.00260    4.26    6.56
00.00261    4.26    6.52
00.00262    4.26    6.56
00.00263    4.26    6.56
00.00264    4.26    6.56
00.00265    4.26    6.56
00.00266    4.26    6.56
00.00267    4.26    6.56
00.00268    4.26    6.56
00.00269    4.26    6.56
00.00270    4.26    6.56
00.00271    4.26    6.56
00.00272    4.26    6.56
00.00273    4.26    6.52
00.00274    4.26    6.56
00.00275    4.26    6.56
00.00276    4.26    6.52
00.00277    4.26    6.56
00.00278    4.26    6.56
00.00279    4.26    6.56
00.00280    4.26    6.52
00.00281    4.26    6.56
00.00282    4.26    6.56
00.00283    4.26    6.56
00.00284    4.26    6.56
00.00285    4.26    6.56
00.00286    4.26    6.56
00.00287    4.26    6.56
00.00288    4.26    6.52
00.00289    4.26    6.56
00.00290    4.26    6.56
00.00291    4.26    6.56
00.00292    4.26    6.56
00.00293    4.26    6.56
00.00294    4.26    6.56
00.00295    4.26    6.56
00.00296    4.26    6.56
00.00297    4.26    6.56
00.00298    4.26    6.56
00.00299    4.26    6.56
00.00300    4.26    6.56
00.00301    4.26    6.52
00.00302    4.26    6.56
00.00303    4.26    6.56
00.00304    4.26    6.52
00.00305    4.26    6.56
00.00306    4.26    6.56
00.00307    4.26    6.56
00.00308    4.26    6.56
00.00309    4.26    6.56
00.00310    4.26    6.56
00.00311    4.26    6.56
00.00312    4.26    6.52
00.00313    4.26    6.56
00.00314    4.26    6.56
00.00315    4.26    6.56
00.00316    4.26    6.56
00.00317    4.26    6.56
00.00318    4.26    6.52
00.00319    4.26    6.56
00.00320    4.26    6.56
00.00321    4.26    6.52
00.00322    4.26    6.56
00.00323    4.26    6.56
00.00324    4.26    6.56
00.00325    4.26    6.56
00.00326    4.26    6.56
00.00327    4.26    6.52
00.00328    4.26    6.56
00.00329    4.26    6.56
00.00330    4.26    6.56
00.00331    4.26    6.56
00.00332    4.26    6.56
00.00333    4.26    6.56
00.00334    4.26    6.56
00.00335    4.26    6.52
00.00336    4.26    6.56
00.00337    4.26    6.56
00.00338    4.26    6.56
00.00339    4.26    6.56
00.00340    4.26    6.56
00.00341    4.26    6.56
00.00342    4.26    6.56
00.00343    4.26    6.56
00.00344    4.26    6.56
00.00345    4.26    6.56
00.00346    4.26    6.56
00.00347    4.26    6.56
00.00348    4.26    6.56
00.00349    4.26    6.56
00.00350    4.26    6.56
00.00351    4.26    6.52
00.00352    4.26    6.52
00.00353    4.26    6.56
00.00354    4.26    6.56
00.00355    4.26    6.56
00.00356    4.26    6.52
00.00357    4.26    6.56
00.00358    4.26    6.56
00.00359    4.26    6.56
00.00360    4.26    6.56
00.00361    4.26    6.52
00.00362    4.26    6.52
00.00363    4.26    6.56
00.00364    4.26    6.56
00.00365    4.26    6.52
00.00366    4.26    6.52
00.00367    4.26    6.56
00.00368    4.26    6.56
00.00369    4.26    6.52
00.00370    4.26    6.56
00.00371    4.26    6.52
00.00372    4.26    6.52
00.00373    4.26    6.52
00.00374    4.26    6.56
00.00375    4.26    6.56
00.00376    4.26    6.52
00.00377    4.26    6.56
00.00378    4.26    6.56
00.00379    4.26    6.52
00.00380    4.26    6.56
00.00381    4.26    6.56
00.00382    4.26    6.52
00.00383    4.26    6.56
00.00384    4.26    6.56
00.00385    4.26    6.52
00.00386    4.26    6.56
00.00387    4.26    6.56
00.00388    4.26    6.52
00.00389    4.26    6.56
00.00390    4.26    6.56
00.00391    4.26    6.56
00.00392    4.26    6.56
00.00393    4.26    6.56
00.00394    4.26    6.52
00.00395    4.26    6.56
00.00396    4.26    6.52
00.00397    4.26    6.56
00.00398    4.26    6.56
00.00399    4.26    6.52
00.00400    4.26    6.56
00.00401    4.26    6.56
00.00402    4.26    6.56
00.00403    4.26    6.52
00.00404    4.26    6.56
00.00405    4.26    6.56
00.00406    4.26    6.56
00.00407    4.26    6.56
00.00408    4.26    6.52
00.00409    4.26    6.52
00.00410    4.26    6.56
00.00411    4.26    6.56
00.00412    4.26    6.56
00.00413    4.26    6.52
00.00414    4.26    6.56
00.00415    4.26    6.56
00.00416    4.26    6.56
00.00417    4.26    6.56
00.00418    4.26    6.56
00.00419    4.26    6.56
00.00420    4.26    6.56
00.00421    4.26    6.56
00.00422    4.26    6.56
00.00423    4.26    6.56
00.00424    4.26    6.56
00.00425    4.26    6.56
00.00426    4.26    6.56
00.00427    4.26    6.56
00.00428    4.26    6.56
00.00429    4.26    6.56
00.00430    4.26    6.56
00.00431    4.26    6.56
00.00432    4.26    6.56
00.00433    4.26    6.56
00.00434    4.26    6.56
00.00435    4.26    6.56
00.00436    4.26    6.56
00.00437    4.26    6.52
00.00438    4.26    6.52
00.00439    4.26    6.56
00.00440    4.26    6.56
00.00441    4.26    6.52
00.00442    4.26    6.56
00.00443    4.26    6.56
00.00444    4.26    6.56
00.00445    4.26    6.56
00.00446    4.26    6.56
00.00447    4.26    6.56
00.00448    4.26    6.56
00.00449    4.26    6.52
00.00450    4.26    6.56
00.00451    4.26    6.56
00.00452    4.26    6.56
00.00453    4.26    6.56
00.00454    4.26    6.56
00.00455    4.26    6.56
00.00456    4.26    6.56
00.00457    4.26    6.56
00.00458    4.26    6.56
00.00459    4.26    6.56
00.00460    4.26    6.56
00.00461    4.26    6.56
00.00462    4.26    6.56
00.00463    4.26    6.56
00.00464    4.26    6.56
00.00465    4.26    6.56
00.00466    4.26    6.56
00.00467    4.26    6.52
00.00468    4.26    6.56
00.00469    4.26    6.56
00.00470    4.26    6.56
00.00471    4.26    6.56
00.00472    4.26    6.56
00.00473    4.26    6.56
00.00474    4.26    6.56
00.00475    4.26    6.56
00.00476    4.26    6.56
00.00477    4.26    6.56
00.00478    4.26    6.56
00.00479    4.26    6.52
00.00480    4.26    6.56
00.00481    4.26    6.56
00.00482    4.26    6.52
00.00483    4.26    6.56
00.00484    4.26    6.56
00.00485    4.26    6.56
00.00486    4.26    6.56
00.00487    4.26    6.56
00.00488    4.26    6.56
00.00489    4.26    6.56
00.00490    4.26    6.56
00.00491    4.26    6.56
00.00492    4.26    6.56
00.00493    4.26    6.56
00.00494    4.26    6.56
00.00495    4.26    6.56
00.00496    4.26    6.56
00.00497    4.26    6.56
00.00498    4.26    6.56
00.00499    4.26    6.56
00.00500    4.26    6.56
00.00501    4.26    6.52
00.00502    4.26    6.56
00.00503    4.26    6.52
00.00504    4.26    6.56
00.00505    4.26    6.56
00.00506    4.26    6.56
00.00507    4.26    6.56
00.00508    4.26    6.56
00.00509    4.26    6.56
00.00510    4.26    6.56
00.00511    4.26    6.52
00.00512    4.26    6.52
00.00513    4.26    6.56
00.00514    4.26    6.56
00.00515    4.26    6.56
00.00516    4.26    6.56
00.00517    4.26    6.56
00.00518    4.26    6.56
00.00519    4.26    6.56
00.00520    4.26    6.56
00.00521    4.26    6.56
00.00522    4.26    6.56
00.00523    4.26    6.56
00.00524    4.26    6.56
00.00525    4.26    6.56
00.00526    4.26    6.56
00.00527    4.26    6.56
00.00528    4.26    6.52
00.00529    4.26    6.56
00.00530    4.26    6.52
00.00531    4.26    6.56
00.00532    4.26    6.56
00.00533    4.26    6.56
00.00534    4.26    6.56
00.00535    4.26    6.52
00.00536    4.26    6.56
00.00537    4.26    6.56
00.00538    4.26    6.52
00.00539    4.26    6.56
00.00540    4.26    6.52
00.00541    4.26    6.56
00.00542    4.26    6.52
00.00543    4.26    6.56
00.00544    4.26    6.56
00.00545    4.26    6.56
00.00546    4.26    6.56
00.00547    4.26    6.56
00.00548    4.26    6.56
00.00549    4.26    6.56
00.00550    4.26    6.52
00.00551    4.26    6.56
00.00552    4.26    6.56
00.00553    4.26    6.52
00.00554    4.26    6.56
00.00555    4.26    6.56
00.00556    4.26    6.56
00.00557    4.26    6.56
00.00558    4.26    6.56
00.00559    4.26    6.56
00.00560    4.26    6.52
00.00561    4.26    6.56
00.00562    4.26    6.56
00.00563    4.26    6.52
00.00564    4.26    6.56
00.00565    4.26    6.56
00.00566    4.26    6.52
00.00567    4.26    6.56
00.00568    4.26    6.56
00.00569    4.26    6.52
00.00570    4.26    6.56
00.00571    4.26    6.56
00.00572    4.26    6.56
00.00573    4.26    6.52
00.00574    4.26    6.56
00.00575    4.26    6.56
00.00576    4.26    6.52
00.00577    4.26    6.56
00.00578    4.26    6.56
00.00579    4.26    6.52
00.00580    4.26    6.56
00.00581    4.26    6.56
00.00582    4.26    6.56
00.00583    4.26    6.56
00.00584    4.26    6.56
00.00585    4.26    6.56
00.00586    4.26    6.56
00.00587    4.26    6.56
00.00588    4.26    6.56
00.00589    4.26    6.52
00.00590    4.26    6.56
00.00591    4.26    6.52
00.00592    4.26    6.56
00.00593    4.26    6.56
00.00594    4.26    6.56
00.00595    4.26    6.56
00.00596    4.26    6.52
00.00597    4.26    6.56
00.00598    4.26    6.56
00.00599    4.26    6.56
00.00600    4.26    6.56
00.00601    4.26    6.56
00.00602    4.26    6.52
00.00603    4.26    6.56
00.00604    4.26    6.56
00.00605    4.26    6.56
00.00606    4.26    6.56
00.00607    4.26    6.56
00.00608    4.26    6.56
00.00609    4.26    6.52
00.00610    4.26    6.56
00.00611    4.26    6.56
00.00612    4.26    6.56
00.00613    4.26    6.56
00.00614    4.26    6.52
00.00615    4.26    6.56
00.00616    4.26    6.56
00.00617    4.26    6.56
00.00618    4.26    6.56
00.00619    4.26    6.56
00.00620    4.26    6.56
00.00621    4.26    6.56
00.00622    4.26    6.56
00.00623    4.26    6.56
00.00624    4.26    6.56
00.00625    4.26    6.56
00.00626    4.26    6.52
00.00627    4.26    6.56
00.00628    4.26    6.56
00.00629    4.26    6.56
00.00630    4.26    6.56
00.00631    4.26    6.56
00.00632    4.26    6.56
00.00633    4.26    6.52
00.00634    4.26    6.56
00.00635    4.26    6.56
00.00636    4.26    6.56
00.00637    4.26    6.56
00.00638    4.26    6.56
00.00639    4.26    6.52
00.00640    4.26    6.56
00.00641    4.26    6.56
00.00642    4.26    6.56
00.00643    4.26    6.56
00.00644    4.26    6.56
00.00645    4.26    6.56
00.00646    4.26    6.56
00.00647    4.26    6.56
00.00648    4.26    6.56
00.00649    4.26    6.52
00.00650    4.26    6.56
00.00651    4.26    6.56
00.00652    4.26    6.56
00.00653    4.26    6.56
00.00654    4.26    6.56
00.00655    4.26    6.56
00.00656    4.26    6.56
00.00657    4.26    6.56
00.00658    4.26    6.56
00.00659    4.26    6.52
00.00660    4.26    6.56
00.00661    4.26    6.56
00.00662    4.26    6.56
00.00663    4.26    6.56
00.00664    4.26    6.56
00.00665    4.26    6.52
00.00666    4.26    6.56
00.00667    4.26    6.52
00.00668    4.26    6.52
00.00669    4.26    6.56
00.00670    4.26    6.56
00.00671    4.26    6.56
00.00672    4.26    6.56
00.00673    4.26    6.52
00.00674    4.26    6.56
00.00675    4.26    6.56
00.00676    4.26    6.56
00.00677    4.26    6.56
00.00678    4.26    6.56
00.00679    4.26    6.56
00.00680    4.26    6.56
00.00681    4.26    6.52
00.00682    4.26    6.52
00.00683    4.26    6.52
00.00684    4.26    6.56
00.00685    4.26    6.52
00.00686    4.26    6.56
00.00687    4.26    6.56
00.00688    4.26    6.56
00.00689    4.26    6.52
00.00690    4.26    6.56
00.00691    4.26    6.56
00.00692    4.26    6.52
00.00693    4.26    6.52
00.00694    4.26    6.56
00.00695    4.26    6.56
00.00696    4.26    6.56
00.00697    4.26    6.52
00.00698    4.26    6.52
00.00699    4.26    6.56
00.00700    4.26    6.56
00.00701    4.26    6.52
00.00702    4.26    6.56
00.00703    4.26    6.56
00.00704    4.26    6.56
00.00705    4.26    6.52
00.00706    4.26    6.52
00.00707    4.26    6.52
00.00708    4.26    6.52
00.00709    4.26    6.56
00.00710    4.26    6.56
00.00711    4.26    6.56
00.00712    4.26    6.52
00.00713    4.26    6.52
00.00714    4.26    6.56
00.00715    4.26    6.52
00.00716    4.26    6.56
00.00717    4.26    6.56
00.00718    4.26    6.52
00.00719    4.26    6.56
00.00720    4.26    6.56
00.00721    4.26    6.56
00.00722    4.26    6.56
00.00723    4.26    6.56
00.00724    4.26    6.56
00.00725    4.26    6.56
00.00726    4.26    6.56
00.00727    4.26    6.52
00.00728    4.26    6.56
00.00729    4.26    6.56
00.00730    4.26    6.56
00.00731    4.26    6.56
00.00732    4.26    6.56
00.00733    4.26    6.56
00.00734    4.26    6.52
00.00735    4.26    6.56
00.00736    4.26    6.52
00.00737    4.26    6.52
00.00738    4.26    6.56
00.00739    4.26    6.56
00.00740    4.26    6.56
00.00741    4.26    6.56
00.00742    4.26    6.56
00.00743    4.26    6.56
00.00744    4.26    6.52
00.00745    4.26    6.52
00.00746    4.26    6.52
00.00747    4.26    6.56
00.00748    4.26    6.52
00.00749    4.26    6.56
00.00750    4.26    6.52
00.00751    4.26    6.56
00.00752    4.26    6.56
00.00753    4.26    6.56
00.00754    4.26    6.52
00.00755    4.26    6.56
00.00756    4.26    6.56
00.00757    4.26    6.56
00.00758    4.26    6.56
00.00759    4.26    6.56
00.00760    4.26    6.56
00.00761    4.26    6.56
00.00762    4.26    6.56
00.00763    4.26    6.56
00.00764    4.26    6.56
00.00765    4.26    6.56
00.00766    4.26    6.52
00.00767    4.26    6.56
00.00768    4.26    6.56
00.00769    4.26    6.56
00.00770    4.26    6.56
00.00771    4.26    6.56
00.00772    4.26    6.56
00.00773    4.26    6.56
00.00774    4.26    6.56
00.00775    4.26    6.56
00.00776    4.26    6.56
00.00777    4.26    6.56
00.00778    4.26    6.56
00.00779    4.26    6.56
00.00780    4.26    6.56
00.00781    4.26    6.56
00.00782    4.26    6.56
00.00783    4.26    6.56
00.00784    4.26    6.56
00.00785    4.26    6.56
00.00786    4.26    6.56
00.00787    4.26    6.56
00.00788    4.26    6.56
00.00789    4.26    6.56
00.00790    4.26    6.52
00.00791    4.26    6.52
00.00792    4.26    6.56
00.00793    4.26    6.56
00.00794    4.26    6.56
00.00795    4.26    6.56
00.00796    4.26    6.56
00.00797    4.26    6.56
00.00798    4.26    6.56
00.00799    4.26    6.56
00.00800    4.26    6.56
00.00801    4.26    6.56
00.00802    4.26    6.56
00.00803    4.26    6.56
00.00804    4.26    6.56
00.00805    4.26    6.56
00.00806    4.26    6.56
00.00807    4.26    6.56
00.00808    4.26    6.56
00.00809    4.26    6.56
00.00810    4.26    6.60
00.00811    4.26    6.52
00.00812    4.26    6.56
00.00813    4.26    6.56
00.00814    4.26    6.56
00.00815    4.26    6.56
00.00816    4.26    6.56
00.00817    4.26    6.56
00.00818    4.26    6.56
00.00819    4.26    6.56
00.00820    4.26    6.56
00.00821    4.26    6.56
00.00822    4.26    6.56
00.00823    4.26    6.56
00.00824    4.26    6.56
00.00825    4.26    6.56
00.00826    4.26    6.60
00.00827    4.26    6.56
00.00828    4.26    6.56
00.00829    4.26    6.56
00.00830    4.26    6.56
00.00831    4.26    6.56
00.00832    4.26    6.56
00.00833    4.26    6.56
00.00834    4.26    6.60
00.00835    4.26    6.56
00.00836    4.26    6.56
00.00837    4.26    6.56
00.00838    4.26    6.56
00.00839    4.26    6.56
00.00840    4.26    6.56
00.00841    4.26    6.56
00.00842    4.26    6.56
00.00843    4.26    6.56
00.00844    4.26    6.56
00.00845    4.26    6.52
00.00846    4.26    6.56
00.00847    4.26    6.56
00.00848    4.26    6.56
00.00849    4.26    6.56
00.00850    4.26    6.56
00.00851    4.26    6.52
00.00852    4.26    6.56
00.00853    4.26    6.56
00.00854    4.26    6.56
00.00855    4.26    6.56
00.00856    4.26    6.56
00.00857    4.26    6.56
00.00858    4.26    6.56
00.00859    4.26    6.56
00.00860    4.26    6.56
00.00861    4.26    6.56
00.00862    4.26    6.56
00.00863    4.26    6.56
00.00864    4.26    6.56
00.00865    4.26    6.56
00.00866    4.26    6.56
00.00867    4.26    6.56
00.00868    4.26    6.56
00.00869    4.26    6.56
00.00870    4.26    6.56
00.00871    4.26    6.52
00.00872    4.26    6.56
00.00873    4.26    6.52
00.00874    4.26    6.56
00.00875    4.26    6.56
00.00876    4.26    6.56
00.00877    4.26    6.56
00.00878    4.26    6.56
00.00879    4.26    6.56
00.00880    4.26    6.56
00.00881    4.26    6.56
00.00882    4.26    6.56
00.00883    4.26    6.56
00.00884    4.26    6.56
00.00885    4.26    6.56
00.00886    4.26    6.56
00.00887    4.26    6.56
00.00888    4.26    6.56
00.00889    4.26    6.56
00.00890    4.26    6.56
00.00891    4.26    6.56
00.00892    4.26    6.56
00.00893    4.26    6.56
00.00894    4.26    6.56
00.00895    4.26    6.56
00.00896    4.26    6.56
00.00897    4.26    6.56
00.00898    4.26    6.56
00.00899    4.26    6.56
00.00900    4.26    6.56
00.00901    4.26    6.56
00.00902    4.26    6.56
00.00903    4.26    6.56
00.00904    4.26    6.56
00.00905    4.26    6.56
00.00906    4.26    6.56
00.00907    4.26    6.56
00.00908    4.26    6.56
00.00909    4.26    6.56
00.00910    4.26    6.56
00.00911    4.26    6.56
00.00912    4.26    6.56
00.00913    4.26    6.56
00.00914    4.26    6.56
00.00915    4.26    6.56
00.00916    4.26    6.60
00.00917    4.26    6.56
00.00918    4.26    6.56
00.00919    4.26    6.56
00.00920    4.26    6.56
00.00921    4.26    6.56
00.00922    4.26    6.56
00.00923    4.26    6.56
00.00924    4.26    6.60
00.00925    4.26    6.56
00.00926    4.26    6.56
00.00927    4.26    6.52
00.00928    4.26    6.56
00.00929    4.26    6.56
00.00930    4.26    6.56
00.00931    4.26    6.56
00.00932    4.26    6.56
00.00933    4.26    6.56
00.00934    4.26    6.56
00.00935    4.26    6.56
00.00936    4.26    6.56
00.00937    4.26    6.60
00.00938    4.26    6.56
00.00939    4.26    6.56
00.00940    4.26    6.60
00.00941    4.26    6.56
00.00942    4.26    6.56
00.00943    4.26    6.56
00.00944    4.26    6.56
00.00945    4.26    6.56
00.00946    4.26    6.56
00.00947    4.26    6.56
00.00948    4.26    6.56
00.00949    4.26    6.56
00.00950    4.26    6.56
00.00951    4.26    6.56
00.00952    4.26    6.56
00.00953    4.26    6.60
00.00954    4.26    6.68
00.00955    4.26    6.88
00.00956    4.26    7.16
00.00957    4.26    7.52
00.00958    4.26    7.88
00.00959    4.26    8.20
00.00960    4.26    8.52
00.00961    4.26    8.84
00.00962    4.26    9.16
00.00963    4.26    9.44
00.00964    4.26    9.76
00.00965    4.26    10.08
00.00966    4.26    10.40
00.00967    4.26    10.48
00.00968    4.26    10.52
00.00969    4.26    10.52
00.00970    4.26    10.56
00.00971    4.26    10.56
00.00972    4.26    10.56
00.00973    4.26    10.60
00.00974    4.26    10.56
00.00975    4.26    10.56
00.00976    4.26    10.56
00.00977    4.26    10.56
00.00978    4.26    10.60
00.00979    4.26    10.60
00.00980    4.26    10.60
00.00981    4.26    10.60
00.00982    4.26    10.60
00.00983    4.26    10.60
00.00984    4.26    10.60
00.00985    4.26    10.60
00.00986    4.26    10.60
00.00987    4.26    10.60
00.00988    4.26    10.60
00.00989    4.26    10.60
00.00990    4.26    10.60
00.00991    4.26    10.60
00.00992    4.26    10.60
00.00993    4.26    10.60
00.00994    4.26    10.60
00.00995    4.26    10.60
00.00996    4.26    10.60
00.00997    4.26    10.60
00.00998    4.26    10.60
00.00999    4.26    10.60
00.01000    4.26    10.60
00.01001    4.26    10.56
00.01002    4.26    10.56
00.01003    4.26    10.56
00.01004    4.26    10.56
00.01005    4.26    10.60
00.01006    4.26    10.60
00.01007    4.26    10.60
00.01008    4.26    10.60
00.01009    4.26    10.60
00.01010    4.26    10.60
00.01011    4.26    10.56
00.01012    4.26    10.56
00.01013    4.26    10.60
00.01014    4.26    10.60
00.01015    4.26    10.60
00.01016    4.26    10.60
00.01017    4.26    10.60
00.01018    4.26    10.56
00.01019    4.26    10.60
00.01020    4.26    10.60
00.01021    4.26    10.56
00.01022    4.26    10.60
00.01023    4.26    10.60
00.01024    4.26    10.60
00.01025    4.26    10.60
00.01026    4.26    10.60
00.01027    4.26    10.60
00.01028    4.26    10.56
00.01029    4.26    10.60
00.01030    4.26    10.60
00.01031    4.26    10.60
00.01032    4.26    10.60
00.01033    4.26    10.56
00.01034    4.26    10.56
00.01035    4.26    10.60
00.01036    4.26    10.56
00.01037    4.26    10.60
00.01038    4.26    10.56
00.01039    4.26    10.56
00.01040    4.26    10.56
00.01041    4.26    10.56
00.01042    4.26    10.56
00.01043    4.26    10.56
00.01044    4.26    10.56
00.01045    4.26    10.56
00.01046    4.26    10.56
00.01047    4.26    10.56
00.01048    4.26    10.60
00.01049    4.26    10.60
00.01050    4.26    10.56
00.01051    4.26    10.56
00.01052    4.26    10.60
00.01053    4.26    10.56
00.01054    4.26    10.56
00.01055    4.26    10.56
00.01056    4.26    10.60
00.01057    4.26    10.56
00.01058    4.26    10.56
00.01059    4.26    10.60
00.01060    4.26    10.60
00.01061    4.26    10.56
00.01062    4.26    10.56
00.01063    4.26    10.56
00.01064    4.26    10.56
00.01065    4.26    10.56
00.01066    4.26    10.56
00.01067    4.26    10.60
00.01068    4.26    10.56
00.01069    4.26    10.56
00.01070    4.26    10.60
00.01071    4.26    10.56
00.01072    4.26    10.60
00.01073    4.26    10.56
00.01074    4.26    10.60
00.01075    4.26    10.56
00.01076    4.26    10.60
00.01077    4.26    10.60
00.01078    4.26    10.56
00.01079    4.26    10.56
00.01080    4.26    10.60
00.01081    4.26    10.60
00.01082    4.26    10.56
00.01083    4.26    10.60
00.01084    4.26    10.60
00.01085    4.26    10.60
00.01086    4.26    10.60
00.01087    4.26    10.56
00.01088    4.26    10.56
00.01089    4.26    10.60
00.01090    4.26    10.56
00.01091    4.26    10.56
00.01092    4.26    10.60
00.01093    4.26    10.60
00.01094    4.26    10.56
00.01095    4.26    10.56
00.01096    4.26    10.56
00.01097    4.26    10.56
00.01098    4.26    10.56
00.01099    4.26    10.56
00.01100    4.26    10.56
00.01101    4.26    10.60
00.01102    4.26    10.60
00.01103    4.26    10.56
00.01104    4.26    10.60
00.01105    4.26    10.60
00.01106    4.26    10.56
00.01107    4.26    10.60
00.01108    4.26    10.60
00.01109    4.26    10.60
00.01110    4.26    10.60
00.01111    4.26    10.60
00.01112    4.26    10.56
00.01113    4.26    10.56
00.01114    4.26    10.60
00.01115    4.26    10.56
00.01116    4.26    10.60
00.01117    4.26    10.60
00.01118    4.26    10.60
00.01119    4.26    10.60
00.01120    4.26    10.60
00.01121    4.26    10.60
00.01122    4.26    10.56
00.01123    4.26    10.60
00.01124    4.26    10.60
00.01125    4.26    10.56
00.01126    4.26    10.56
00.01127    4.26    10.60
00.01128    4.26    10.56
00.01129    4.26    10.60
00.01130    4.26    10.60
00.01131    4.26    10.60
00.01132    4.26    10.60
00.01133    4.26    10.56
00.01134    4.26    10.60
00.01135    4.26    10.60
00.01136    4.26    10.60
00.01137    4.26    10.60
00.01138    4.26    10.60
00.01139    4.26    10.60
00.01140    4.26    10.56
00.01141    4.26    10.56
00.01142    4.26    10.60
00.01143    4.26    10.60
00.01144    4.26    10.60
00.01145    4.26    10.60
00.01146    4.26    10.60
00.01147    4.26    10.60
00.01148    4.26    10.60
00.01149    4.26    10.60
00.01150    4.26    10.60
00.01151    4.26    10.56
00.01152    4.26    10.56
00.01153    4.26    10.56
00.01154    4.26    10.60
00.01155    4.26    10.60
00.01156    4.26    10.60
00.01157    4.26    10.56
00.01158    4.26    10.56
00.01159    4.26    10.56
00.01160    4.26    10.60
00.01161    4.26    10.56
00.01162    4.26    10.60
00.01163    4.26    10.60
00.01164    4.26    10.60
00.01165    4.26    10.60
00.01166    4.26    10.56
00.01167    4.26    10.56
00.01168    4.26    10.60
00.01169    4.26    10.56
00.01170    4.26    10.60
00.01171    4.26    10.60
00.01172    4.26    10.56
00.01173    4.26    10.60
00.01174    4.26    10.60
00.01175    4.26    10.56
00.01176    4.26    10.60
00.01177    4.26    10.56
00.01178    4.26    10.60
00.01179    4.26    10.60
00.01180    4.26    10.60
00.01181    4.26    10.60
00.01182    4.26    10.60
00.01183    4.26    10.56
00.01184    4.26    10.56
00.01185    4.26    10.60
00.01186    4.26    10.60
00.01187    4.26    10.60
00.01188    4.26    10.56
00.01189    4.26    10.60
00.01190    4.26    10.60
00.01191    4.26    10.56
00.01192    4.26    10.56
00.01193    4.26    10.56
00.01194    4.26    10.56
00.01195    4.26    10.60
00.01196    4.26    10.60
00.01197    4.26    10.56
00.01198    4.26    10.56
00.01199    4.26    10.56
00.01200    4.26    10.56
00.01201    4.26    10.56
00.01202    4.26    10.56
00.01203    4.26    10.56
00.01204    4.26    10.56
00.01205    4.26    10.56
00.01206    4.26    10.56
00.01207    4.26    10.52
00.01208    4.26    10.52
00.01209    4.26    10.52
00.01210    4.26    10.52
00.01211    4.26    10.48
00.01212    4.26    10.48
00.01213    4.26    10.48
00.01214    4.26    10.44
00.01215    4.26    10.44
00.01216    4.26    10.40
00.01217    4.26    10.32
00.01218    4.26    10.20
00.01219    4.26    10.00
00.01220    4.26    9.76
00.01221    4.26    9.44
00.01222    4.26    9.16
00.01223    4.26    8.80
00.01224    4.26    8.40
00.01225    4.26    8.00
00.01226    4.26    7.60
00.01227    4.26    7.20
00.01228    4.26    6.80
00.01229    4.26    6.44
00.01230    4.26    6.16
00.01231    4.26    5.88
00.01232    4.26    5.68
00.01233    4.26    5.52
00.01234    4.26    5.44
00.01235    4.26    5.32
00.01236    4.26    5.32
00.01237    4.26    5.32
00.01238    4.26    5.36
00.01239    4.26    5.40
00.01240    4.26    5.48
00.01241    4.26    5.52
00.01242    4.26    5.60
00.01243    4.26    5.64
00.01244    4.26    5.72
00.01245    4.26    5.80
00.01246    4.26    5.92
00.01247    4.26    6.04
00.01248    4.26    6.16
00.01249    4.26    6.32
00.01250    4.26    6.40
00.01251    4.26    6.60
00.01252    4.26    6.80
00.01253    4.26    7.00
00.01254    4.26    7.20
00.01255    4.26    7.44
00.01256    4.26    7.60
00.01257    4.26    7.84
00.01258    4.26    8.00
00.01259    4.26    8.20
00.01260    4.26    8.40
00.01261    4.26    8.56
00.01262    4.26    8.76
00.01263    4.26    8.92
00.01264    4.26    9.16
00.01265    4.26    9.32
00.01266    4.26    9.52
00.01267    4.26    9.72
00.01268    4.26    9.88
00.01269    4.26    10.04
00.01270    4.26    10.20
00.01271    4.26    10.32
00.01272    4.26    10.36
00.01273    4.26    10.40
00.01274    4.26    10.40
00.01275    4.26    10.40
00.01276    4.26    10.44
00.01277    4.26    10.44
00.01278    4.26    10.44
00.01279    4.26    10.48
00.01280    4.26    10.48
00.01281    4.26    10.48
00.01282    4.26    10.48
00.01283    4.26    10.48
00.01284    4.26    10.48
00.01285    4.26    10.52
00.01286    4.26    10.48
00.01287    4.26    10.48
00.01288    4.26    10.52
00.01289    4.26    10.48
00.01290    4.26    10.52
00.01291    4.26    10.52
00.01292    4.26    10.52
00.01293    4.26    10.52
00.01294    4.26    10.52
00.01295    4.26    10.48
00.01296    4.26    10.56
00.01297    4.26    10.52
00.01298    4.26    10.52
00.01299    4.26    10.56
00.01300    4.26    10.52
00.01301    4.26    10.56
00.01302    4.26    10.52
00.01303    4.26    10.56
00.01304    4.26    10.56
00.01305    4.26    10.56
00.01306    4.26    10.52
00.01307    4.26    10.52
00.01308    4.26    10.56
00.01309    4.26    10.56
00.01310    4.26    10.56
00.01311    4.26    10.56
00.01312    4.26    10.52
00.01313    4.26    10.52
00.01314    4.26    10.56
00.01315    4.26    10.56
00.01316    4.26    10.52
00.01317    4.26    10.52
00.01318    4.26    10.52
00.01319    4.26    10.52
00.01320    4.26    10.56
00.01321    4.26    10.52
00.01322    4.26    10.52
00.01323    4.26    10.52
00.01324    4.26    10.52
00.01325    4.26    10.52
00.01326    4.26    10.52
00.01327    4.26    10.52
00.01328    4.26    10.56
00.01329    4.26    10.52
00.01330    4.26    10.52
00.01331    4.26    10.52
00.01332    4.26    10.52
00.01333    4.26    10.52
00.01334    4.26    10.52
00.01335    4.26    10.52
00.01336    4.26    10.52
00.01337    4.26    10.52
00.01338    4.26    10.52
00.01339    4.26    10.52
00.01340    4.26    10.52
00.01341    4.26    10.48
00.01342    4.26    10.52
00.01343    4.26    10.52
00.01344    4.26    10.48
00.01345    4.26    10.48
00.01346    4.26    10.48
00.01347    4.26    10.52
00.01348    4.26    10.52
00.01349    4.26    10.52
00.01350    4.26    10.48
00.01351    4.26    10.52
00.01352    4.26    10.48
00.01353    4.26    10.48
00.01354    4.26    10.52
00.01355    4.26    10.48
00.01356    4.26    10.48
00.01357    4.26    10.48
00.01358    4.26    10.48
00.01359    4.26    10.44
00.01360    4.26    10.48
00.01361    4.26    10.44
00.01362    4.26    10.44
00.01363    4.26    10.40
00.01364    4.26    10.44
00.01365    4.26    10.40
00.01366    4.26    10.40
00.01367    4.26    10.36
00.01368    4.26    10.32
00.01369    4.26    10.28
00.01370    4.26    10.20
00.01371    4.26    10.12
00.01372    4.26    10.04
00.01373    4.26    9.92
00.01374    4.26    9.80
00.01375    4.26    9.68
00.01376    4.26    9.56
00.01377    4.26    9.48
00.01378    4.26    9.32
00.01379    4.26    9.24
00.01380    4.26    9.12
00.01381    4.26    9.00
00.01382    4.26    8.84
00.01383    4.26    8.68
00.01384    4.26    8.52
00.01385    4.26    8.36
00.01386    4.26    8.16
00.01387    4.26    8.00
00.01388    4.26    7.84
00.01389    4.26    7.64
00.01390    4.26    7.48
00.01391    4.26    7.36
00.01392    4.26    7.20
00.01393    4.26    7.00
00.01394    4.26    6.84
00.01395    4.26    6.64
00.01396    4.26    6.52
00.01397    4.26    6.36
00.01398    4.26    6.24
00.01399    4.26    6.12
00.01400    4.26    6.04
00.01401    4.26    5.96
00.01402    4.26    5.88
00.01403    4.26    5.84
00.01404    4.26    5.80
00.01405    4.26    5.80
00.01406    4.26    5.76
00.01407    4.26    5.80
00.01408    4.26    5.80
00.01409    4.26    5.80
00.01410    4.26    5.84
00.01411    4.26    5.84
00.01412    4.26    5.88
00.01413    4.26    5.92
00.01414    4.26    5.96
00.01415    4.26    6.04
00.01416    4.26    6.08
00.01417    4.26    6.16
00.01418    4.26    6.24
00.01419    4.26    6.28
00.01420    4.26    6.40
00.01421    4.26    6.52
00.01422    4.26    6.60
00.01423    4.26    6.72
00.01424    4.26    6.84
00.01425    4.26    6.92
00.01426    4.26    7.04
00.01427    4.26    7.12
00.01428    4.26    7.20
00.01429    4.26    7.32
00.01430    4.26    7.40
00.01431    4.26    7.48
00.01432    4.26    7.52
00.01433    4.26    7.60
00.01434    4.26    7.64
00.01435    4.26    7.68
00.01436    4.26    7.76
00.01437    4.26    7.80
00.01438    4.26    7.80
00.01439    4.26    7.84
00.01440    4.26    7.84
00.01441    4.26    7.80
00.01442    4.26    7.80
00.01443    4.26    7.80
00.01444    4.26    7.72
00.01445    4.26    7.72
00.01446    4.26    7.68
00.01447    4.26    7.68
00.01448    4.26    7.60
00.01449    4.26    7.56
00.01450    4.26    7.56
00.01451    4.26    7.52
00.01452    4.26    7.48
00.01453    4.26    7.44
00.01454    4.26    7.40
00.01455    4.26    7.40
00.01456    4.26    7.36
00.01457    4.26    7.32
00.01458    4.26    7.32
00.01459    4.26    7.32
00.01460    4.26    7.32
00.01461    4.26    7.32
00.01462    4.26    7.32
00.01463    4.26    7.32
00.01464    4.26    7.28
00.01465    4.26    7.32
00.01466    4.26    7.32
00.01467    4.26    7.32
00.01468    4.26    7.32
00.01469    4.26    7.28
00.01470    4.26    7.28
00.01471    4.26    7.24
00.01472    4.26    7.20
00.01473    4.26    7.16
00.01474    4.26    7.08
00.01475    4.26    7.04
00.01476    4.26    7.00
00.01477    4.26    6.88
00.01478    4.26    6.84
00.01479    4.26    6.76
00.01480    4.26    6.68
00.01481    4.26    6.64
00.01482    4.26    6.60
00.01483    4.26    6.52
00.01484    4.26    6.48
00.01485    4.26    6.44
00.01486    4.26    6.44
00.01487    4.26    6.40
00.01488    4.26    6.40
00.01489    4.26    6.40
00.01490    4.26    6.40
00.01491    4.26    6.40
00.01492    4.26    6.44
00.01493    4.26    6.44
00.01494    4.26    6.48
00.01495    4.26    6.52
00.01496    4.26    6.56
00.01497    4.26    6.60
00.01498    4.26    6.68
00.01499    4.26    6.72
00.01500    4.26    6.80
00.01501    4.26    6.84
00.01502    4.26    6.88
00.01503    4.26    6.92
00.01504    4.26    6.96
00.01505    4.26    7.00
00.01506    4.26    7.08
00.01507    4.26    7.08
00.01508    4.26    7.12
00.01509    4.26    7.16
00.01510    4.26    7.16
00.01511    4.26    7.16
00.01512    4.26    7.16
00.01513    4.26    7.20
00.01514    4.26    7.20
00.01515    4.26    7.20
00.01516    4.26    7.20
00.01517    4.26    7.16
00.01518    4.26    7.16
00.01519    4.26    7.12
00.01520    4.26    7.08
00.01521    4.26    7.08
00.01522    4.26    7.00
00.01523    4.26    6.96
00.01524    4.26    6.88
00.01525    4.26    6.84
00.01526    4.26    6.80
00.01527    4.26    6.76
00.01528    4.26    6.72
00.01529    4.26    6.68
00.01530    4.26    6.68
00.01531    4.26    6.64
00.01532    4.26    6.64
00.01533    4.26    6.64
00.01534    4.26    6.68
00.01535    4.26    6.68
00.01536    4.26    6.68
00.01537    4.26    6.72
00.01538    4.26    6.72
00.01539    4.26    6.76
00.01540    4.26    6.84
00.01541    4.26    6.88
00.01542    4.26    6.88
00.01543    4.26    6.96
00.01544    4.26    7.04
00.01545    4.26    7.04
00.01546    4.26    7.08
00.01547    4.26    7.12
00.01548    4.26    7.16
00.01549    4.26    7.20
00.01550    4.26    7.20
00.01551    4.26    7.24
00.01552    4.26    7.24
00.01553    4.26    7.24
00.01554    4.26    7.28
00.01555    4.26    7.24
00.01556    4.26    7.24
00.01557    4.26    7.28
00.01558    4.26    7.24
00.01559    4.26    7.24
00.01560    4.26    7.24
00.01561    4.26    7.24
00.01562    4.26    7.24
00.01563    4.26    7.24
00.01564    4.26    7.20
00.01565    4.26    7.16
00.01566    4.26    7.16
00.01567    4.26    7.16
00.01568    4.26    7.12
00.01569    4.26    7.12
00.01570    4.26    7.12
00.01571    4.26    7.08
00.01572    4.26    7.08
00.01573    4.26    7.04
00.01574    4.26    7.08
00.01575    4.26    7.04
00.01576    4.26    7.04
00.01577    4.26    7.04
00.01578    4.26    7.04
00.01579    4.26    7.08
00.01580    4.26    7.08
00.01581    4.26    7.04
00.01582    4.26    7.08
00.01583    4.26    7.08
00.01584    4.26    7.08
00.01585    4.26    7.12
00.01586    4.26    7.12
00.01587    4.26    7.16
00.01588    4.26    7.16
00.01589    4.26    7.16
00.01590    4.26    7.16
00.01591    4.26    7.16
00.01592    4.26    7.16
00.01593    4.26    7.16
00.01594    4.26    7.16
00.01595    4.26    7.12
00.01596    4.26    7.12
00.01597    4.26    7.12
00.01598    4.26    7.12
00.01599    4.26    7.08
00.01600    4.26    7.08
00.01601    4.26    7.08
00.01602    4.26    7.08
00.01603    4.26    7.04
00.01604    4.26    7.04
00.01605    4.26    7.04
00.01606    4.26    7.00
00.01607    4.26    7.04
00.01608    4.26    7.04
00.01609    4.26    7.00
00.01610    4.26    7.04
00.01611    4.26    7.04
00.01612    4.26    7.04
00.01613    4.26    7.04
00.01614    4.26    7.04
00.01615    4.26    7.04
00.01616    4.26    7.04
00.01617    4.26    7.04
00.01618    4.26    7.04
00.01619    4.26    7.04
00.01620    4.26    7.04
00.01621    4.26    7.04
00.01622    4.26    7.04
00.01623    4.26    7.00
00.01624    4.26    7.00
00.01625    4.26    7.00
00.01626    4.26    7.00
00.01627    4.26    7.00
00.01628    4.26    6.96
00.01629    4.26    6.96
00.01630    4.26    6.96
00.01631    4.26    6.96
00.01632    4.26    6.92
00.01633    4.26    6.92
00.01634    4.26    6.92
00.01635    4.26    6.92
00.01636    4.26    6.88
00.01637    4.26    6.88
00.01638    4.26    6.88
00.01639    4.26    6.84
00.01640    4.26    6.84
00.01641    4.26    6.84
00.01642    4.26    6.80
00.01643    4.26    6.76
00.01644    4.26    6.76
00.01645    4.26    6.72
00.01646    4.26    6.72
00.01647    4.26    6.72
00.01648    4.26    6.68
00.01649    4.26    6.68
00.01650    4.26    6.68
00.01651    4.26    6.68
00.01652    4.26    6.64
00.01653    4.26    6.64
00.01654    4.26    6.60
00.01655    4.26    6.60
00.01656    4.26    6.60
00.01657    4.26    6.56
00.01658    4.26    6.56
00.01659    4.26    6.56
00.01660    4.26    6.56
00.01661    4.26    6.56
00.01662    4.26    6.56
00.01663    4.26    6.52
00.01664    4.26    6.56
00.01665    4.26    6.52
00.01666    4.26    6.52
00.01667    4.26    6.52
00.01668    4.26    6.52
00.01669    4.26    6.52
00.01670    4.26    6.52
00.01671    4.26    6.56
00.01672    4.26    6.56
00.01673    4.26    6.56
00.01674    4.26    6.56
00.01675    4.26    6.56
00.01676    4.26    6.56
00.01677    4.26    6.52
00.01678    4.26    6.56
00.01679    4.26    6.56
00.01680    4.26    6.60
00.01681    4.26    6.56
00.01682    4.26    6.60
00.01683    4.26    6.60
00.01684    4.26    6.60
00.01685    4.26    6.60
00.01686    4.26    6.60
00.01687    4.26    6.60
00.01688    4.26    6.60
00.01689    4.26    6.60
00.01690    4.26    6.60
00.01691    4.26    6.64
00.01692    4.26    6.64
00.01693    4.26    6.64
00.01694    4.26    6.64
00.01695    4.26    6.64
00.01696    4.26    6.68
00.01697    4.26    6.68
00.01698    4.26    6.64
00.01699    4.26    6.68
00.01700    4.26    6.68
00.01701    4.26    6.68
00.01702    4.26    6.68
00.01703    4.26    6.64
00.01704    4.26    6.68
00.01705    4.26    6.64
00.01706    4.26    6.64
00.01707    4.26    6.64
00.01708    4.26    6.60
00.01709    4.26    6.64
00.01710    4.26    6.60
00.01711    4.26    6.56
00.01712    4.26    6.56
00.01713    4.26    6.56
00.01714    4.26    6.56
00.01715    4.26    6.56
00.01716    4.26    6.52
00.01717    4.26    6.52
00.01718    4.26    6.52
00.01719    4.26    6.52
00.01720    4.26    6.52
00.01721    4.26    6.48
00.01722    4.26    6.52
00.01723    4.26    6.52
00.01724    4.26    6.52
00.01725    4.26    6.48
00.01726    4.26    6.48
00.01727    4.26    6.52
00.01728    4.26    6.52
00.01729    4.26    6.52
00.01730    4.26    6.52
00.01731    4.26    6.48
00.01732    4.26    6.52
00.01733    4.26    6.48
00.01734    4.26    6.52
00.01735    4.26    6.48
00.01736    4.26    6.48
00.01737    4.26    6.48
00.01738    4.26    6.48
00.01739    4.26    6.44
00.01740    4.26    6.44
00.01741    4.26    6.44
00.01742    4.26    6.40
00.01743    4.26    6.40
00.01744    4.26    6.40
00.01745    4.26    6.36
00.01746    4.26    6.36
00.01747    4.26    6.32
00.01748    4.26    6.32
00.01749    4.26    6.32
00.01750    4.26    6.28
00.01751    4.26    6.32
00.01752    4.26    6.28
00.01753    4.26    6.28
00.01754    4.26    6.28
00.01755    4.26    6.28
00.01756    4.26    6.28
00.01757    4.26    6.28
00.01758    4.26    6.32
00.01759    4.26    6.28
00.01760    4.26    6.28
00.01761    4.26    6.32
00.01762    4.26    6.32
00.01763    4.26    6.32
00.01764    4.26    6.32
00.01765    4.26    6.32
00.01766    4.26    6.36
00.01767    4.26    6.40
00.01768    4.26    6.36
00.01769    4.26    6.36
00.01770    4.26    6.36
00.01771    4.26    6.36
00.01772    4.26    6.40
00.01773    4.26    6.36
00.01774    4.26    6.40
00.01775    4.26    6.36
00.01776    4.26    6.36
00.01777    4.26    6.36
00.01778    4.26    6.36
00.01779    4.26    6.36
00.01780    4.26    6.36
00.01781    4.26    6.36
00.01782    4.26    6.36
00.01783    4.26    6.32
00.01784    4.26    6.32
00.01785    4.26    6.32
00.01786    4.26    6.32
00.01787    4.26    6.32
00.01788    4.26    6.32
00.01789    4.26    6.32
00.01790    4.26    6.28
00.01791    4.26    6.32
00.01792    4.26    6.28
00.01793    4.26    6.28
00.01794    4.26    6.28
00.01795    4.26    6.28
00.01796    4.26    6.28
00.01797    4.26    6.28
00.01798    4.26    6.28
00.01799    4.26    6.32
00.01800    4.26    6.32
00.01801    4.26    6.28
00.01802    4.26    6.32
00.01803    4.26    6.28
00.01804    4.26    6.36
00.01805    4.26    6.32
00.01806    4.26    6.32
00.01807    4.26    6.32
00.01808    4.26    6.36
00.01809    4.26    6.36
00.01810    4.26    6.36
00.01811    4.26    6.40
00.01812    4.26    6.40
00.01813    4.26    6.40
00.01814    4.26    6.40
00.01815    4.26    6.40
00.01816    4.26    6.40
00.01817    4.26    6.40
00.01818    4.26    6.44
00.01819    4.26    6.40
00.01820    4.26    6.40
00.01821    4.26    6.40
00.01822    4.26    6.44
00.01823    4.26    6.40
00.01824    4.26    6.40
00.01825    4.26    6.40
00.01826    4.26    6.40
00.01827    4.26    6.44
00.01828    4.26    6.44
00.01829    4.26    6.44
00.01830    4.26    6.44
00.01831    4.26    6.44
00.01832    4.26    6.44
00.01833    4.26    6.44
00.01834    4.26    6.48
00.01835    4.26    6.44
00.01836    4.26    6.44
00.01837    4.26    6.48
00.01838    4.26    6.48
00.01839    4.26    6.48
00.01840    4.26    6.48
00.01841    4.26    6.52
00.01842    4.26    6.52
00.01843    4.26    6.52
00.01844    4.26    6.52
00.01845    4.26    6.52
00.01846    4.26    6.52
00.01847    4.26    6.52
00.01848    4.26    6.56
00.01849    4.26    6.52
00.01850    4.26    6.60
00.01851    4.26    6.60
00.01852    4.26    6.56
00.01853    4.26    6.64
00.01854    4.26    6.64
00.01855    4.26    6.60
00.01856    4.26    6.64
00.01857    4.26    6.64
00.01858    4.26    6.64
00.01859    4.26    6.60
00.01860    4.26    6.64
00.01861    4.26    6.68
00.01862    4.26    6.64
00.01863    4.26    6.60
00.01864    4.26    6.64
00.01865    4.26    6.60
00.01866    4.26    6.64
00.01867    4.26    6.64
00.01868    4.26    6.64
00.01869    4.26    6.64
00.01870    4.26    6.60
00.01871    4.26    6.60
00.01872    4.26    6.60
00.01873    4.26    6.64
00.01874    4.26    6.60
00.01875    4.26    6.64
00.01876    4.26    6.64
00.01877    4.26    6.64
00.01878    4.26    6.60
00.01879    4.26    6.64
00.01880    4.26    6.64
00.01881    4.26    6.64
00.01882    4.26    6.64
00.01883    4.26    6.64
00.01884    4.26    6.68
00.01885    4.26    6.64
00.01886    4.26    6.68
00.01887    4.26    6.68
00.01888    4.26    6.68
00.01889    4.26    6.68
00.01890    4.26    6.68
00.01891    4.26    6.68
00.01892    4.26    6.68
00.01893    4.26    6.68
00.01894    4.26    6.68
00.01895    4.26    6.68
00.01896    4.26    6.68
00.01897    4.26    6.68
00.01898    4.26    6.68
00.01899    4.26    6.72
00.01900    4.26    6.68
00.01901    4.26    6.68
00.01902    4.26    6.72
00.01903    4.26    6.68
00.01904    4.26    6.68
00.01905    4.26    6.68
00.01906    4.26    6.68
00.01907    4.26    6.68
00.01908    4.26    6.68
00.01909    4.26    6.68
00.01910    4.26    6.72
00.01911    4.26    6.68
00.01912    4.26    6.68
00.01913    4.26    6.72
00.01914    4.26    6.72
00.01915    4.26    6.68
00.01916    4.26    6.72
00.01917    4.26    6.72
00.01918    4.26    6.72
00.01919    4.26    6.72
00.01920    4.26    6.72
00.01921    4.26    6.72
00.01922    4.26    6.72
00.01923    4.26    6.72
00.01924    4.26    6.72
00.01925    4.26    6.72
00.01926    4.26    6.76
00.01927    4.26    6.76
00.01928    4.26    6.76
00.01929    4.26    6.76
00.01930    4.26    6.76
00.01931    4.26    6.72
00.01932    4.26    6.76
00.01933    4.26    6.76
00.01934    4.26    6.76
00.01935    4.26    6.76
00.01936    4.26    6.76
00.01937    4.26    6.76
00.01938    4.26    6.76
00.01939    4.26    6.80
00.01940    4.26    6.76
00.01941    4.26    6.76
00.01942    4.26    6.76
00.01943    4.26    6.76
00.01944    4.26    6.80
00.01945    4.26    6.80
00.01946    4.26    6.80
00.01947    4.26    6.76
00.01948    4.26    6.80
00.01949    4.26    6.80
00.01950    4.26    6.80
00.01951    4.26    6.80
00.01952    4.26    6.80
00.01953    4.26    6.84
00.01954    4.26    6.80
00.01955    4.26    6.80
00.01956    4.26    6.84
00.01957    4.26    6.84
00.01958    4.26    6.80
00.01959    4.26    6.84
00.01960    4.26    6.84
00.01961    4.26    6.84
00.01962    4.26    6.84
00.01963    4.26    6.84
00.01964    4.26    6.84
00.01965    4.26    6.84
00.01966    4.26    6.84
00.01967    4.26    6.84
00.01968    4.26    6.84
00.01969    4.26    6.84
00.01970    4.26    6.84
00.01971    4.26    6.80
00.01972    4.26    6.84
00.01973    4.26    6.84
00.01974    4.26    6.84
00.01975    4.26    6.84
00.01976    4.26    6.84
00.01977    4.26    6.80
00.01978    4.26    6.84
00.01979    4.26    6.84
00.01980    4.26    6.84
00.01981    4.26    6.84
00.01982    4.26    6.84
00.01983    4.26    6.84
00.01984    4.26    6.84
00.01985    4.26    6.84
00.01986    4.26    6.84
00.01987    4.26    6.84
00.01988    4.26    6.84
00.01989    4.26    6.80
00.01990    4.26    6.84
00.01991    4.26    6.84
00.01992    4.26    6.84
00.01993    4.26    6.84
00.01994    4.26    6.84
00.01995    4.26    6.84
00.01996    4.26    6.88
00.01997    4.26    6.88
00.01998    4.26    6.88
00.01999    4.26    6.88
00.02000    4.26    6.88
00.02001    4.26    6.88
00.02002    4.26    6.88
00.02003    4.26    6.88
00.02004    4.26    6.88
00.02005    4.26    6.88
00.02006    4.26    6.88
00.02007    4.26    6.88
00.02008    4.26    6.84
00.02009    4.26    6.84
00.02010    4.26    6.84
00.02011    4.26    6.84
00.02012    4.26    6.88
00.02013    4.26    6.84
00.02014    4.26    6.84
00.02015    4.26    6.84
00.02016    4.26    6.84
00.02017    4.26    6.84
00.02018    4.26    6.84
00.02019    4.26    6.84
00.02020    4.26    6.84
00.02021    4.26    6.84
00.02022    4.26    6.84
00.02023    4.26    6.84
00.02024    4.26    6.84
00.02025    4.26    6.84
00.02026    4.26    6.84
00.02027    4.26    6.84
00.02028    4.26    6.84
00.02029    4.26    6.84
00.02030    4.26    6.84
00.02031    4.26    6.84
00.02032    4.26    6.80
00.02033    4.26    6.84
00.02034    4.26    6.84
00.02035    4.26    6.84
00.02036    4.26    6.84
00.02037    4.26    6.84
00.02038    4.26    6.84
00.02039    4.26    6.80
00.02040    4.26    6.80
00.02041    4.26    6.80
00.02042    4.26    6.80
00.02043    4.26    6.80
00.02044    4.26    6.80
00.02045    4.26    6.80
00.02046    4.26    6.80
00.02047    4.26    6.76
00.02048    4.26    6.80
00.02049    4.26    6.80
00.02050    4.26    6.80
00.02051    4.26    6.80
00.02052    4.26    6.76
00.02053    4.26    6.76
00.02054    4.26    6.76
00.02055    4.26    6.76
00.02056    4.26    6.76
00.02057    4.26    6.72
00.02058    4.26    6.76
00.02059    4.26    6.72
00.02060    4.26    6.72
00.02061    4.26    6.72
00.02062    4.26    6.72
00.02063    4.26    6.72
00.02064    4.26    6.72
00.02065    4.26    6.72
00.02066    4.26    6.72
00.02067    4.26    6.72
00.02068    4.26    6.72
00.02069    4.26    6.72
00.02070    4.26    6.72
00.02071    4.26    6.68
00.02072    4.26    6.72
00.02073    4.26    6.72
00.02074    4.26    6.72
00.02075    4.26    6.72
00.02076    4.26    6.68
00.02077    4.26    6.72
00.02078    4.26    6.68
00.02079    4.26    6.68
00.02080    4.26    6.68
00.02081    4.26    6.68
00.02082    4.26    6.68
00.02083    4.26    6.68
00.02084    4.26    6.68
00.02085    4.26    6.68
00.02086    4.26    6.68
00.02087    4.26    6.64
00.02088    4.26    6.64
00.02089    4.26    6.60
00.02090    4.26    6.64
00.02091    4.26    6.64
00.02092    4.26    6.60
00.02093    4.26    6.64
00.02094    4.26    6.60
00.02095    4.26    6.60
00.02096    4.26    6.60
00.02097    4.26    6.56
00.02098    4.26    6.56
00.02099    4.26    6.56
00.02100    4.26    6.56
00.02101    4.26    6.56
00.02102    4.26    6.52
00.02103    4.26    6.56
00.02104    4.26    6.56
00.02105    4.26    6.56
00.02106    4.26    6.56
00.02107    4.26    6.56
00.02108    4.26    6.52
00.02109    4.26    6.52
00.02110    4.26    6.52
00.02111    4.26    6.52
00.02112    4.26    6.52
00.02113    4.26    6.52
00.02114    4.26    6.52
00.02115    4.26    6.48
00.02116    4.26    6.52
00.02117    4.26    6.52
00.02118    4.26    6.52
00.02119    4.26    6.52
00.02120    4.26    6.52
00.02121    4.26    6.52
00.02122    4.26    6.48
00.02123    4.26    6.48
00.02124    4.26    6.52
00.02125    4.26    6.48
00.02126    4.26    6.48
00.02127    4.26    6.48
00.02128    4.26    6.52
00.02129    4.26    6.48
00.02130    4.26    6.48
00.02131    4.26    6.48
00.02132    4.26    6.48
00.02133    4.26    6.48
00.02134    4.26    6.44
00.02135    4.26    6.48
00.02136    4.26    6.44
00.02137    4.26    6.48
00.02138    4.26    6.44
00.02139    4.26    6.48
00.02140    4.26    6.44
00.02141    4.26    6.44
00.02142    4.26    6.44
00.02143    4.26    6.44
00.02144    4.26    6.48
00.02145    4.26    6.44
00.02146    4.26    6.44
00.02147    4.26    6.44
00.02148    4.26    6.44
00.02149    4.26    6.44
00.02150    4.26    6.44
00.02151    4.26    6.44
00.02152    4.26    6.44
00.02153    4.26    6.44
00.02154    4.26    6.44
00.02155    4.26    6.48
00.02156    4.26    6.48
00.02157    4.26    6.44
00.02158    4.26    6.44
00.02159    4.26    6.48
00.02160    4.26    6.44
00.02161    4.26    6.48
00.02162    4.26    6.48
00.02163    4.26    6.44
00.02164    4.26    6.52
00.02165    4.26    6.44
00.02166    4.26    6.48
00.02167    4.26    6.48
00.02168    4.26    6.48
00.02169    4.26    6.48
00.02170    4.26    6.48
00.02171    4.26    6.44
00.02172    4.26    6.48
00.02173    4.26    6.48
00.02174    4.26    6.48
00.02175    4.26    6.48
00.02176    4.26    6.44
00.02177    4.26    6.48
00.02178    4.26    6.48
00.02179    4.26    6.48
00.02180    4.26    6.44
00.02181    4.26    6.48
00.02182    4.26    6.48
00.02183    4.26    6.48
00.02184    4.26    6.48
00.02185    4.26    6.44
00.02186    4.26    6.48
00.02187    4.26    6.48
00.02188    4.26    6.48
00.02189    4.26    6.44
00.02190    4.26    6.48
00.02191    4.26    6.44
00.02192    4.26    6.48
00.02193    4.26    6.48
00.02194    4.26    6.48
00.02195    4.26    6.52
00.02196    4.26    6.48
00.02197    4.26    6.48
00.02198    4.26    6.48
00.02199    4.26    6.48
00.02200    4.26    6.48
00.02201    4.26    6.48
00.02202    4.26    6.52
00.02203    4.26    6.48
00.02204    4.26    6.48
00.02205    4.26    6.48
00.02206    4.26    6.48
00.02207    4.26    6.52
00.02208    4.26    6.48
00.02209    4.26    6.52
00.02210    4.26    6.52
00.02211    4.26    6.52
00.02212    4.26    6.52
00.02213    4.26    6.52
00.02214    4.26    6.52
00.02215    4.26    6.52
00.02216    4.26    6.56
00.02217    4.26    6.56
00.02218    4.26    6.56
00.02219    4.26    6.52
00.02220    4.26    6.60
00.02221    4.26    6.56
00.02222    4.26    6.56
00.02223    4.26    6.56
00.02224    4.26    6.60
00.02225    4.26    6.56
00.02226    4.26    6.56
00.02227    4.26    6.56
00.02228    4.26    6.56
00.02229    4.26    6.56
00.02230    4.26    6.56
00.02231    4.26    6.56
00.02232    4.26    6.56
00.02233    4.26    6.56
00.02234    4.26    6.56
00.02235    4.26    6.52
00.02236    4.26    6.52
00.02237    4.26    6.56
00.02238    4.26    6.56
00.02239    4.26    6.56
00.02240    4.26    6.52
00.02241    4.26    6.56
00.02242    4.26    6.52
00.02243    4.26    6.52
00.02244    4.26    6.56
00.02245    4.26    6.52
00.02246    4.26    6.52
00.02247    4.26    6.56
00.02248    4.26    6.56
00.02249    4.26    6.56
00.02250    4.26    6.52
00.02251    4.26    6.52
00.02252    4.26    6.52
00.02253    4.26    6.52
00.02254    4.26    6.52
00.02255    4.26    6.56
00.02256    4.26    6.56
00.02257    4.26    6.52
00.02258    4.26    6.52
00.02259    4.26    6.52
