Time       Trigger  Sample
-0.03992    0.10    6.52
-0.03988    0.08    6.52
-0.03984    0.08    6.52
-0.03980    0.10    6.52
-0.03976    0.12    6.52
-0.03972    0.10    6.52
-0.03968    0.10    6.52
-0.03964    0.10    6.52
-0.03960    0.12    6.52
-0.03956    0.10    6.52
-0.03952    0.10    6.52
-0.03948    0.12    6.52
-0.03944    0.10    6.52
-0.03940    0.10    6.52
-0.03936    0.10    6.52
-0.03932    0.10    6.52
-0.03928    0.06    6.52
-0.03924    0.08    6.52
-0.03920    0.10    6.52
-0.03916    0.10    6.52
-0.03912    0.10    6.52
-0.03908    0.16    6.52
-0.03904    0.10    6.52
-0.03900    0.12    6.56
-0.03896    0.12    6.52
-0.03892    0.10    6.52
-0.03888    0.10    6.52
-0.03884    0.10    6.52
-0.03880    0.10    6.52
-0.03876    0.10    6.52
-0.03872    0.10    6.52
-0.03868    0.02    6.52
-0.03864    0.10    6.52
-0.03860    0.10    6.52
-0.03856    0.10    6.52
-0.03852    0.10    6.52
-0.03848    0.14    6.52
-0.03844    0.08    6.52
-0.03840    0.10    6.52
-0.03836    0.10    6.52
-0.03832    0.10    6.52
-0.03828    0.02   6.52
-0.03824    0.10    6.52
-0.03820    0.08    6.52
-0.03816    0.10    6.52
-0.03812    0.10    6.56
-0.03808    0.12    6.52
-0.03804    0.10    6.52
-0.03800    0.10    6.52
-0.03796    0.10    6.52
-0.03792    0.10    6.52
-0.03788    0.10    6.52
-0.03784    0.10    6.52
-0.03780    0.10    6.52
-0.03776    0.08    6.52
-0.03772    0.10    6.52
-0.03768    0.10    6.52
-0.03764    0.10    6.52
-0.03760    0.10    6.52
-0.03756    0.10    6.52
-0.03752    0.10    6.52
-0.03748    0.10    6.56
-0.03744    0.10    6.52
-0.03740    0.10    6.52
-0.03736    0.10    6.52
-0.03732    0.08    6.52
-0.03728    0.10    6.52
-0.03724    0.10    6.52
-0.03720    0.10    6.52
-0.03716    0.10    6.52
-0.03712    0.10    6.56
-0.03708    0.10    6.52
-0.03704    0.10    6.52
-0.03700    0.10    6.52
-0.03696    0.10    6.52
-0.03692    0.10    6.52
-0.03688    0.08    6.52
-0.03684    0.10    6.52
-0.03680    0.10    6.52
-0.03676    0.10    6.52
-0.03672    0.10    6.52
-0.03668    0.10    6.52
-0.03664    0.10    6.52
-0.03660    0.10    6.52
-0.03656    0.10    6.52
-0.03652    0.10    6.52
-0.03648    0.10    6.52
-0.03644    0.08    6.52
-0.03640    0.10    6.52
-0.03636    0.10    6.52
-0.03632    0.10    6.52
-0.03628    0.10    6.52
-0.03624    0.12    6.52
-0.03620    0.10    6.52
-0.03616    0.10    6.56
-0.03612    0.10    6.52
-0.03608    0.08    6.52
-0.03604    0.10    6.52
-0.03600    0.10    6.52
-0.03596    0.10    6.52
-0.03592    0.10    6.52
-0.03588    0.08    6.52
-0.03584    0.10    6.52
-0.03580    0.10    6.52
-0.03576    0.10    6.52
-0.03572    0.10    6.52
-0.03568    0.10    6.52
-0.03564    0.10    6.56
-0.03560    0.10    6.56
-0.03556    0.08    6.52
-0.03552    0.10    6.52
-0.03548    0.08    6.52
-0.03544    0.10    6.52
-0.03540    0.10    6.52
-0.03536    0.10    6.52
-0.03532    0.10    6.52
-0.03528    0.10    6.52
-0.03524    0.12    6.52
-0.03520    0.10    6.56
-0.03516    0.08    6.52
-0.03512    0.06    6.52
-0.03508    0.10    6.52
-0.03504    0.10    6.52
-0.03500    0.12    6.52
-0.03496    0.10    6.52
-0.03492    0.10    6.52
-0.03488    0.10    6.56
-0.03484    0.10    6.52
-0.03480    0.10    6.52
-0.03476    0.08    6.56
-0.03472    0.08    6.52
-0.03468    0.08    6.52
-0.03464    0.10    6.52
-0.03460    0.10    6.52
-0.03456    0.08    6.52
-0.03452    0.10    6.52
-0.03448    0.10    6.52
-0.03444    0.10    6.52
-0.03440    0.10    6.52
-0.03436    0.10    6.52
-0.03432    0.10    6.52
-0.03428    0.10    6.56
-0.03424    0.24    6.56
-0.03420    0.10    6.52
-0.03416    0.08    6.52
-0.03412    0.10    6.52
-0.03408    0.10    6.52
-0.03404    0.10    6.56
-0.03400    0.10    6.52
-0.03396    0.10    6.52
-0.03392    0.08    6.52
-0.03388    0.08    6.52
-0.03384    0.10    6.56
-0.03380    0.08    6.52
-0.03376    0.10    6.52
-0.03372    0.12    6.52
-0.03368    0.12    6.52
-0.03364    0.10    6.52
-0.03360    0.10    6.52
-0.03356    0.10    6.52
-0.03352    0.06    6.52
-0.03348    0.10    6.52
-0.03344    0.10    6.52
-0.03340    0.10    6.52
-0.03336    0.10    6.52
-0.03332    0.08    6.52
-0.03328    0.10    6.52
-0.03324    0.10    6.52
-0.03320    0.10    6.52
-0.03316    0.08    6.52
-0.03312    0.12    6.56
-0.03308    0.08    6.52
-0.03304    0.08    6.52
-0.03300    0.10    6.52
-0.03296    0.08    6.52
-0.03292    0.08    6.52
-0.03288    0.10    6.52
-0.03284    0.10    6.52
-0.03280    0.10    6.52
-0.03276    0.10    6.52
-0.03272    0.08    6.52
-0.03268    0.10    6.52
-0.03264    0.10    6.52
-0.03260    0.10    6.52
-0.03256    0.10    6.52
-0.03252    0.10    6.52
-0.03248    0.10    6.52
-0.03244    0.10    6.52
-0.03240    0.08    6.52
-0.03236    0.10    6.52
-0.03232    0.12    6.52
-0.03228    0.12    6.52
-0.03224    0.10    6.52
-0.03220    0.08    6.52
-0.03216    0.10    6.56
-0.03212    0.06    6.52
-0.03208    0.10    6.52
-0.03204    0.08    6.52
-0.03200    0.08    6.52
-0.03196    0.08    6.52
-0.03192    0.10    6.52
-0.03188    0.10    6.52
-0.03184    0.08    6.52
-0.03180    0.08    6.52
-0.03176    0.10    6.52
-0.03172    0.14    6.52
-0.03168    0.10    6.52
-0.03164    0.10    6.52
-0.03160    0.10    6.52
-0.03156    0.10    6.52
-0.03152    0.12    6.52
-0.03148    0.12    6.52
-0.03144    0.12    6.52
-0.03140    0.10    6.52
-0.03136    0.08    6.52
-0.03132    0.12    6.52
-0.03128    0.08    6.52
-0.03124    0.10    6.52
-0.03120    0.10    6.52
-0.03116    0.10    6.52
-0.03112    0.12    6.52
-0.03108    0.10    6.52
-0.03104    0.10    6.52
-0.03100    0.08    6.52
-0.03096    0.10    6.48
-0.03092    0.12    6.52
-0.03088    0.10    6.52
-0.03084    0.10    6.52
-0.03080    0.08    6.52
-0.03076    0.08    6.52
-0.03072    0.02    6.52
-0.03068    0.08    6.52
-0.03064    0.10    6.52
-0.03060    0.10    6.52
-0.03056    0.08    6.52
-0.03052    0.12    6.52
-0.03048    0.10    6.52
-0.03044    0.10    6.52
-0.03040    0.08    6.52
-0.03036    0.10    6.52
-0.03032    0.10    6.52
-0.03028    0.10    6.52
-0.03024    0.10    6.52
-0.03020    0.12    6.52
-0.03016    0.10    6.52
-0.03012    0.08    6.52
-0.03008    0.10    6.52
-0.03004    0.08    6.52
-0.03000    0.08    6.52
-0.02996    0.10    6.52
-0.02992    0.08    6.52
-0.02988    0.08    6.52
-0.02984    0.10    6.52
-0.02980    0.10    6.52
-0.02976    0.08    6.52
-0.02972    0.08    6.52
-0.02968    0.08    6.52
-0.02964    0.10    6.52
-0.02960    0.10    6.52
-0.02956    0.10    6.52
-0.02952    0.10    6.52
-0.02948    0.10    6.52
-0.02944    0.10    6.52
-0.02940    0.10    6.52
-0.02936    0.10    6.52
-0.02932    0.12    6.52
-0.02928    0.10    6.52
-0.02924    0.10    6.52
-0.02920    0.10    6.52
-0.02916    0.10    6.52
-0.02912    0.10    6.52
-0.02908    0.10    6.52
-0.02904    0.10    6.52
-0.02900    0.08    6.52
-0.02896    0.10    6.52
-0.02892    0.10    6.52
-0.02888    0.10    6.52
-0.02884    0.10    6.52
-0.02880    0.08    6.56
-0.02876    0.08    6.52
-0.02872    0.10    6.52
-0.02868    0.10    6.52
-0.02864    0.10    6.52
-0.02860    0.10    6.52
-0.02856    0.10    6.52
-0.02852    0.10    6.52
-0.02848    0.08    6.52
-0.02844    0.10    6.52
-0.02840    0.12    6.52
-0.02836    0.10    6.52
-0.02832    0.10    6.52
-0.02828    0.08    6.52
-0.02824    0.12    6.52
-0.02820    0.10    6.52
-0.02816    0.08    6.52
-0.02812    0.10    6.52
-0.02808    0.10    6.52
-0.02804    0.10    6.52
-0.02800    0.08    6.52
-0.02796    0.10    6.52
-0.02792    0.10    6.52
-0.02788    0.10    6.52
-0.02784    0.10    6.52
-0.02780    0.10    6.52
-0.02776    0.10    6.52
-0.02772    0.10    6.56
-0.02768    0.10    6.52
-0.02764    0.12    6.52
-0.02760    0.10    6.52
-0.02756    0.10    6.52
-0.02752    0.10    6.52
-0.02748    0.12    6.52
-0.02744    0.10    6.52
-0.02740    0.10    6.52
-0.02736    0.10    6.52
-0.02732    0.10    6.52
-0.02728    0.10    6.52
-0.02724    0.10    6.52
-0.02720    0.12    6.52
-0.02716    0.10    6.52
-0.02712    0.12    6.52
-0.02708    0.10    6.52
-0.02704    0.12    6.52
-0.02700    0.10    6.52
-0.02696    0.10    6.52
-0.02692    0.10    6.52
-0.02688    0.10    6.52
-0.02684    0.12    6.52
-0.02680    0.10    6.52
-0.02676    0.10    6.52
-0.02672    0.10    6.52
-0.02668    0.10    6.52
-0.02664    0.10    6.52
-0.02660    0.12    6.52
-0.02656    0.10    6.52
-0.02652    0.10    6.52
-0.02648    0.10    6.52
-0.02644    0.10    6.52
-0.02640    0.10    6.52
-0.02636    0.10    6.56
-0.02632    0.12    6.52
-0.02628    0.10    6.52
-0.02624    0.10    6.52
-0.02620    0.10    6.52
-0.02616    0.10    6.52
-0.02612    0.10    6.52
-0.02608    0.04    6.52
-0.02604    0.10    6.52
-0.02600    0.08    6.52
-0.02596    0.10    6.52
-0.02592    0.12    6.52
-0.02588    0.12    6.52
-0.02584    0.10    6.52
-0.02580    0.10    6.52
-0.02576    0.08    6.52
-0.02572    0.10    6.52
-0.02568    0.10    6.52
-0.02564    0.08    6.52
-0.02560    0.10    6.52
-0.02556    0.12    6.52
-0.02552    0.10    6.52
-0.02548    0.10    6.52
-0.02544    0.10    6.52
-0.02540    0.08    6.52
-0.02536    0.08    6.52
-0.02532    0.10    6.52
-0.02528    0.10    6.52
-0.02524    0.10    6.52
-0.02520    0.10    6.52
-0.02516    0.10    6.52
-0.02512    0.12    6.52
-0.02508    0.08    6.52
-0.02504    0.10    6.52
-0.02500    0.12    6.52
-0.02496    0.10    6.52
-0.02492    0.10    6.52
-0.02488    0.10    6.52
-0.02484    0.10    6.56
-0.02480    0.10    6.52
-0.02476    0.10    6.52
-0.02472    0.10    6.52
-0.02468    0.10    6.52
-0.02464    0.10    6.52
-0.02460    0.10    6.52
-0.02456    0.08    6.52
-0.02452    0.10    6.52
-0.02448    0.10    6.52
-0.02444    0.08    6.52
-0.02440    0.10    6.52
-0.02436    0.10    6.52
-0.02432    0.08    6.52
-0.02428    0.08    6.52
-0.02424    0.10    6.56
-0.02420    0.10    6.52
-0.02416    0.08    6.52
-0.02412    0.10    6.52
-0.02408    0.10    6.52
-0.02404    0.08    6.52
-0.02400    0.10    6.52
-0.02396    0.10    6.52
-0.02392    0.10    6.52
-0.02388    0.12    6.52
-0.02384    0.10    6.52
-0.02380    0.12    6.52
-0.02376    0.14    6.52
-0.02372    0.12    6.52
-0.02368    0.10    6.52
-0.02364    0.10    6.52
-0.02360    0.10    6.52
-0.02356    0.10    6.52
-0.02352    0.10    6.56
-0.02348    0.10    6.52
-0.02344    0.10    6.52
-0.02340    0.08    6.52
-0.02336    0.02    6.52
-0.02332    0.10    6.52
-0.02328    0.10    6.56
-0.02324    0.12    6.52
-0.02320    0.08    6.52
-0.02316    0.16    6.52
-0.02312    0.10    6.52
-0.02308    0.10    6.56
-0.02304    0.10    6.52
-0.02300    0.10    6.52
-0.02296    0.16    6.56
-0.02292    0.10    6.52
-0.02288    0.10    6.52
-0.02284    0.08    6.52
-0.02280    0.08    6.52
-0.02276    0.16    6.52
-0.02272    0.10    6.52
-0.02268    0.10    6.52
-0.02264    0.10    6.52
-0.02260    0.10    6.52
-0.02256    0.10    6.52
-0.02252    0.10    6.52
-0.02248    0.10    6.52
-0.02244    0.12    6.52
-0.02240    0.10    6.52
-0.02236    0.10    6.52
-0.02232    0.10    6.52
-0.02228    0.10    6.52
-0.02224    0.10    6.52
-0.02220    0.12    6.52
-0.02216    0.10    6.52
-0.02212    0.10    6.52
-0.02208    0.10    6.52
-0.02204    0.10    6.52
-0.02200    0.10    6.52
-0.02196    0.10    6.52
-0.02192    0.10    6.52
-0.02188    0.10    6.52
-0.02184    0.10    6.52
-0.02180    0.10    6.52
-0.02176    0.10    6.52
-0.02172    0.10    6.52
-0.02168    0.10    6.52
-0.02164    0.10    6.52
-0.02160    0.10    6.52
-0.02156    0.08    6.52
-0.02152    0.10    6.52
-0.02148    0.10    6.52
-0.02144    0.10    6.52
-0.02140    0.10    6.52
-0.02136    0.10    6.52
-0.02132    0.10    6.52
-0.02128    0.10    6.52
-0.02124    0.10    6.52
-0.02120    0.08    6.52
-0.02116    0.10    6.52
-0.02112    0.10    6.52
-0.02108    0.10    6.52
-0.02104    0.10    6.52
-0.02100    0.12    6.52
-0.02096    0.12    6.52
-0.02092    0.10    6.52
-0.02088    0.10    6.52
-0.02084    0.10    6.52
-0.02080    0.10    6.52
-0.02076    0.08    6.52
-0.02072    0.10    6.52
-0.02068    0.10    6.52
-0.02064    0.10    6.52
-0.02060    0.10    6.52
-0.02056    0.10    6.52
-0.02052    0.10    6.52
-0.02048    0.10    6.52
-0.02044    0.10    6.52
-0.02040    0.10    6.56
-0.02036    0.10    6.52
-0.02032    0.10    6.56
-0.02028    0.10    6.52
-0.02024    0.10    6.52
-0.02020    0.12    6.52
-0.02016    0.10    6.52
-0.02012    0.10    6.52
-0.02008    0.10    6.52
-0.02004    0.10    6.52
-0.02000    0.10    6.52
-0.01996    0.10    6.52
-0.01992    0.10    6.52
-0.01988    0.08    6.52
-0.01984    0.10    6.52
-0.01980    0.10    6.52
-0.01976    0.10    6.52
-0.01972    0.10    6.52
-0.01968    0.10    6.52
-0.01964    0.10    6.52
-0.01960    0.10    6.52
-0.01956    0.10    6.52
-0.01952    0.10    6.52
-0.01948    0.10    6.52
-0.01944    0.10    6.52
-0.01940    0.08    6.52
-0.01936    0.10    6.52
-0.01932    0.10    6.52
-0.01928    0.10    6.52
-0.01924    0.10    6.52
-0.01920    0.08    6.52
-0.01916    0.10    6.52
-0.01912    0.10    6.52
-0.01908    0.10    6.52
-0.01904    0.08    6.52
-0.01900    0.10    6.56
-0.01896    0.10    6.56
-0.01892    0.10    6.52
-0.01888    0.08    6.52
-0.01884    0.08    6.52
-0.01880    0.08    6.52
-0.01876    0.10    6.52
-0.01872    0.10    6.52
-0.01868    0.10    6.52
-0.01864    0.10    6.52
-0.01860    0.10    6.52
-0.01856    0.10    6.52
-0.01852    0.10    6.52
-0.01848    0.10    6.52
-0.01844    0.10    6.52
-0.01840    0.12    6.52
-0.01836    0.10    6.52
-0.01832    0.10    6.52
-0.01828    0.10    6.52
-0.01824    0.10    6.52
-0.01820    0.12    6.52
-0.01816    0.08    6.52
-0.01812    0.10    6.52
-0.01808    0.10    6.52
-0.01804    0.10    6.52
-0.01800    0.08    6.52
-0.01796    0.10    6.52
-0.01792    0.02    6.52
-0.01788    0.10    6.52
-0.01784    0.10    6.52
-0.01780    0.12    6.52
-0.01776    0.08    6.52
-0.01772    0.10    6.52
-0.01768    0.10    6.52
-0.01764    0.10    6.52
-0.01760    0.10    6.52
-0.01756    0.10    6.52
-0.01752    0.08    6.52
-0.01748    0.10    6.52
-0.01744    0.10    6.52
-0.01740    0.10    6.52
-0.01736    0.08    6.52
-0.01732    0.08    6.52
-0.01728    0.10    6.52
-0.01724    0.10    6.52
-0.01720    0.12    6.52
-0.01716    0.10    6.52
-0.01712    0.10    6.52
-0.01708    0.10    6.52
-0.01704    0.08    6.52
-0.01700    0.12    6.56
-0.01696    0.10    6.52
-0.01692    0.10    6.52
-0.01688    0.08    6.52
-0.01684    0.10    6.52
-0.01680    0.06    6.52
-0.01676    0.10    6.52
-0.01672    0.10    6.52
-0.01668    0.10    6.52
-0.01664    0.10    6.52
-0.01660    0.08    6.52
-0.01656    0.10    6.52
-0.01652    0.10    6.52
-0.01648    0.10    6.52
-0.01644    0.10    6.52
-0.01640    0.16    6.52
-0.01636    0.10    6.52
-0.01632    0.10    6.52
-0.01628    0.10    6.52
-0.01624    0.08    6.52
-0.01620    0.02    6.52
-0.01616    0.10    6.52
-0.01612    0.08    6.52
-0.01608    0.10    6.52
-0.01604    0.10    6.52
-0.01600    0.12    6.52
-0.01596    0.10    6.52
-0.01592    0.10    6.52
-0.01588    0.10    6.52
-0.01584    0.10    6.52
-0.01580    0.12    6.52
-0.01576    0.10    6.52
-0.01572    0.10    6.52
-0.01568    0.10    6.52
-0.01564    0.10    6.52
-0.01560    0.00    6.52
-0.01556    0.10    6.52
-0.01552    0.10    6.52
-0.01548    0.12    6.52
-0.01544    0.10    6.52
-0.01540    0.16    6.52
-0.01536    0.10    6.52
-0.01532    0.10    6.52
-0.01528    0.08    6.52
-0.01524    0.08    6.52
-0.01520    0.10    6.52
-0.01516    0.12    6.52
-0.01512    0.10    6.52
-0.01508    0.10    6.52
-0.01504    0.10    6.52
-0.01500    0.08    6.52
-0.01496    0.10    6.52
-0.01492    0.10    6.52
-0.01488    0.08    6.52
-0.01484    0.08    6.52
-0.01480    0.10    6.52
-0.01476    0.08    6.52
-0.01472    0.08    6.52
-0.01468    0.08    6.52
-0.01464    0.10    6.52
-0.01460    0.10    6.52
-0.01456    0.10    6.52
-0.01452    0.12    6.52
-0.01448    0.10    6.52
-0.01444    0.10    6.52
-0.01440    0.10    6.52
-0.01436    0.08    6.52
-0.01432    0.08    6.52
-0.01428    0.10    6.52
-0.01424    0.08    6.52
-0.01420    0.10    6.52
-0.01416    0.12    6.52
-0.01412    0.08    6.52
-0.01408    0.10    6.52
-0.01404    0.10    6.52
-0.01400    0.10    6.52
-0.01396    0.10    6.52
-0.01392    0.08    6.56
-0.01388    0.10    6.52
-0.01384    0.10    6.52
-0.01380    0.10    6.52
-0.01376    0.10    6.52
-0.01372    0.10    6.52
-0.01368    0.08    6.52
-0.01364    0.10    6.52
-0.01360    0.10    6.52
-0.01356    0.10    6.52
-0.01352    0.10    6.52
-0.01348    0.08    6.52
-0.01344    0.10    6.52
-0.01340    0.10    6.52
-0.01336    0.10    6.56
-0.01332    0.08    6.52
-0.01328    0.10    6.52
-0.01324    0.10    6.52
-0.01320    0.12    6.52
-0.01316    0.10    6.52
-0.01312    0.10    6.52
-0.01308    0.08    6.52
-0.01304    0.08    6.52
-0.01300    0.08    6.52
-0.01296    0.10    6.52
-0.01292    0.10    6.52
-0.01288    0.10    6.52
-0.01284    0.10    6.52
-0.01280    0.10    6.52
-0.01276    0.12    6.52
-0.01272    0.10    6.52
-0.01268    0.10    6.52
-0.01264    0.10    6.52
-0.01260    0.10    6.52
-0.01256    0.10    6.52
-0.01252    0.10    6.52
-0.01248    0.10    6.52
-0.01244    0.10    6.52
-0.01240    0.10    6.52
-0.01236    0.10    6.52
-0.01232    0.10    6.52
-0.01228    0.10    6.52
-0.01224    0.10    6.52
-0.01220    0.10    6.52
-0.01216    0.10    6.52
-0.01212    0.10    6.56
-0.01208    0.12    6.52
-0.01204    0.08    6.52
-0.01200    0.10    6.52
-0.01196    0.08    6.52
-0.01192    0.08    6.52
-0.01188    0.08    6.52
-0.01184    0.12    6.52
-0.01180    0.10    6.52
-0.01176    0.10    6.52
-0.01172    0.10    6.52
-0.01168    0.10    6.52
-0.01164    0.08    6.52
-0.01160    0.10    6.52
-0.01156    0.10    6.52
-0.01152    0.10    6.52
-0.01148    0.10    6.52
-0.01144    0.08    6.52
-0.01140    0.10    6.52
-0.01136    0.10    6.52
-0.01132    0.10    6.52
-0.01128    0.10    6.52
-0.01124    0.12    6.52
-0.01120    0.10    6.52
-0.01116    0.10    6.52
-0.01112    0.08    6.52
-0.01108    0.10    6.52
-0.01104    0.10    6.52
-0.01100    0.08    6.52
-0.01096    0.10    6.52
-0.01092    0.10    6.52
-0.01088    0.08    6.52
-0.01084    0.08    6.52
-0.01080    0.10    6.52
-0.01076    0.10    6.52
-0.01072    0.10    6.52
-0.01068    0.10    6.52
-0.01064    0.10    6.52
-0.01060    0.08    6.52
-0.01056    0.08    6.52
-0.01052    0.10    6.52
-0.01048    0.10    6.52
-0.01044    0.10    6.52
-0.01040    0.10    6.52
-0.01036    0.10    6.52
-0.01032    0.12    6.52
-0.01028    0.10    6.52
-0.01024    0.12    6.52
-0.01020    0.12    6.52
-0.01016    0.12    6.52
-0.01012    0.08    6.52
-0.01008    0.10    6.52
-0.01004    0.08    6.52
-0.01000    0.10    6.52
-0.00996    0.12    6.52
-0.00992    0.10    6.52
-0.00988    0.10    6.52
-0.00984    0.12    6.52
-0.00980    0.10    6.52
-0.00976    0.16    6.52
-0.00972    0.08    6.52
-0.00968    0.12    6.52
-0.00964    0.08    6.52
-0.00960    0.10    6.52
-0.00956    0.10    6.52
-0.00952    0.08    6.52
-0.00948    0.10    6.52
-0.00944    0.10    6.52
-0.00940    0.10    6.52
-0.00936    0.10    6.52
-0.00932    0.10    6.52
-0.00928    0.10    6.52
-0.00924    0.12    6.52
-0.00920    0.10    6.52
-0.00916    0.12    6.52
-0.00912    0.10    6.52
-0.00908    0.12    6.52
-0.00904    0.10    6.56
-0.00900    0.10    6.52
-0.00896    0.12    6.52
-0.00892    0.10    6.56
-0.00888    0.12    6.52
-0.00884    0.10    6.52
-0.00880    0.12    6.52
-0.00876    0.08    6.52
-0.00872    0.10    6.52
-0.00868    0.08    6.52
-0.00864    0.08    6.52
-0.00860    0.10    6.52
-0.00856    0.10    6.52
-0.00852    0.12    6.52
-0.00848    0.10    6.52
-0.00844    0.14    6.56
-0.00840    0.10    6.52
-0.00836    0.10    6.52
-0.00832    0.10    6.52
-0.00828    0.10    6.52
-0.00824    0.10    6.52
-0.00820    0.10    6.52
-0.00816    0.10    6.52
-0.00812    0.10    6.52
-0.00808    0.10    6.56
-0.00804    0.00    6.52
-0.00800    0.08    6.52
-0.00796    0.10    6.52
-0.00792    0.06    6.52
-0.00788    0.10    6.52
-0.00784    0.14    6.52
-0.00780    0.10    6.52
-0.00776    0.12    6.52
-0.00772    0.12    6.52
-0.00768    0.10    6.52
-0.00764    -0.04   6.52
-0.00760    0.10    6.52
-0.00756    0.08    6.52
-0.00752    0.10    6.52
-0.00748    0.08    6.48
-0.00744    0.14    6.52
-0.00740    0.12    6.52
-0.00736    0.10    6.52
-0.00732    0.12    6.52
-0.00728    0.10    6.52
-0.00724    0.10    6.52
-0.00720    0.10    6.52
-0.00716    0.10    6.52
-0.00712    0.12    6.52
-0.00708    0.10    6.52
-0.00704    0.10    6.52
-0.00700    0.10    6.52
-0.00696    0.10    6.52
-0.00692    0.10    6.52
-0.00688    0.12    6.52
-0.00684    0.10    6.52
-0.00680    0.10    6.52
-0.00676    0.10    6.52
-0.00672    0.10    6.52
-0.00668    0.10    6.52
-0.00664    0.08    6.52
-0.00660    0.10    6.52
-0.00656    0.10    6.52
-0.00652    0.10    6.52
-0.00648    0.12    6.52
-0.00644    0.12    6.52
-0.00640    0.10    6.52
-0.00636    0.10    6.52
-0.00632    0.10    6.52
-0.00628    0.12    6.52
-0.00624    0.10    6.52
-0.00620    0.10    6.52
-0.00616    0.10    6.52
-0.00612    0.10    6.52
-0.00608    0.12    6.52
-0.00604    0.12    6.52
-0.00600    0.12    6.52
-0.00596    0.10    6.52
-0.00592    0.10    6.52
-0.00588    0.10    6.52
-0.00584    0.10    6.52
-0.00580    0.10    6.52
-0.00576    0.10    6.52
-0.00572    0.10    6.52
-0.00568    0.10    6.52
-0.00564    0.10    6.52
-0.00560    0.10    6.52
-0.00556    0.12    6.52
-0.00552    0.10    6.52
-0.00548    0.10    6.52
-0.00544    0.12    6.52
-0.00540    0.08    6.52
-0.00536    0.10    6.52
-0.00532    0.10    6.52
-0.00528    0.10    6.52
-0.00524    0.10    6.52
-0.00520    0.10    6.52
-0.00516    0.10    6.52
-0.00512    0.10    6.52
-0.00508    0.10    6.52
-0.00504    0.10    6.56
-0.00500    0.10    6.52
-0.00496    0.10    6.52
-0.00492    0.10    6.52
-0.00488    0.10    6.52
-0.00484    0.10    6.52
-0.00480    0.12    6.52
-0.00476    0.10    6.52
-0.00472    0.10    6.52
-0.00468    0.08    6.52
-0.00464    0.08    6.52
-0.00460    0.10    6.52
-0.00456    0.10    6.52
-0.00452    0.10    6.52
-0.00448    0.10    6.52
-0.00444    0.12    6.52
-0.00440    0.10    6.52
-0.00436    0.10    6.52
-0.00432    0.10    6.52
-0.00428    0.10    6.52
-0.00424    0.08    6.52
-0.00420    0.10    6.52
-0.00416    0.08    6.52
-0.00412    0.08    6.52
-0.00408    0.10    6.52
-0.00404    0.10    6.52
-0.00400    0.10    6.52
-0.00396    0.10    6.52
-0.00392    0.08    6.52
-0.00388    0.10    6.52
-0.00384    0.10    6.52
-0.00380    0.10    6.52
-0.00376    0.08    6.52
-0.00372    0.10    6.56
-0.00368    0.10    6.52
-0.00364    0.10    6.52
-0.00360    0.08    6.56
-0.00356    0.10    6.52
-0.00352    0.10    6.52
-0.00348    0.10    6.52
-0.00344    0.10    6.52
-0.00340    0.10    6.52
-0.00336    0.10    6.52
-0.00332    0.12    6.52
-0.00328    0.10    6.52
-0.00324    0.10    6.52
-0.00320    0.10    6.52
-0.00316    0.08    6.52
-0.00312    0.08    6.52
-0.00308    0.08    6.52
-0.00304    0.10    6.52
-0.00300    0.10    6.52
-0.00296    0.10    6.52
-0.00292    0.08    6.52
-0.00288    0.08    6.52
-0.00284    0.10    6.52
-0.00280    0.10    6.52
-0.00276    0.10    6.52
-0.00272    0.10    6.52
-0.00268    0.12    6.52
-0.00264    0.10    6.52
-0.00260    0.10    6.52
-0.00256    0.10    6.52
-0.00252    0.10    6.56
-0.00248    0.06    6.52
-0.00244    0.10    6.52
-0.00240    0.12    6.52
-0.00236    0.12    6.52
-0.00232    0.08    6.52
-0.00228    0.10    6.52
-0.00224    0.10    6.52
-0.00220    0.10    6.52
-0.00216    0.10    6.52
-0.00212    0.10    6.52
-0.00208    0.10    6.52
-0.00204    0.08    6.52
-0.00200    0.10    6.52
-0.00196    0.10    6.52
-0.00192    0.10    6.52
-0.00188    0.08    6.52
-0.00184    0.08    6.52
-0.00180    0.12    6.52
-0.00176    0.10    6.52
-0.00172    0.10    6.52
-0.00168    0.12    6.52
-0.00164    0.10    6.52
-0.00160    0.08    6.52
-0.00156    0.10    6.52
-0.00152    0.10    6.52
-0.00148    0.08    6.52
-0.00144    0.10    6.52
-0.00140    0.08    6.52
-0.00136    0.10    6.52
-0.00132    0.10    6.52
-0.00128    0.08    6.52
-0.00124    0.10    6.52
-0.00120    0.10    6.52
-0.00116    0.10    6.52
-0.00112    0.10    6.52
-0.00108    0.12    6.52
-0.00104    0.08    6.52
-0.00100    0.08    6.52
-0.00096    0.08    6.52
-0.00092    0.10    6.52
-0.00088    0.02    6.52
-0.00084    0.10    6.52
-0.00080    0.10    6.52
-0.00076    0.10    6.52
-0.00072    0.10    6.52
-0.00068    0.14    6.52
-0.00064    0.12    6.52
-0.00060    0.10    6.52
-0.00056    0.08    6.52
-0.00052    0.10    6.52
-0.00048    0.16    6.56
-0.00044    0.10    6.52
-0.00040    0.10    6.52
-0.00036    0.10    6.56
-0.00032    0.12    6.52
-0.00028    0.04    6.52
-0.00024    0.10    6.52
-0.00020    0.10    6.52
-0.00016    0.10    6.52
-0.00012    0.10    6.52
-0.00008    0.10    6.48
-0.00004    0.10    6.52
00.00000    4.26    6.52
00.00004    4.26    6.52
00.00008    4.26    6.56
00.00012    4.26    6.52
00.00016    4.26    6.52
00.00020    4.26    6.52
00.00024    4.26    6.52
00.00028    4.26    6.56
00.00032    4.26    6.52
00.00036    4.26    6.52
00.00040    4.26    6.52
00.00044    4.26    6.52
00.00048    4.26    6.52
00.00052    4.26    6.52
00.00056    4.26    6.52
00.00060    4.26    6.52
00.00064    4.26    6.52
00.00068    4.26    6.52
00.00072    4.26    6.52
00.00076    4.26    6.52
00.00080    4.26    6.52
00.00084    4.26    6.52
00.00088    4.26    6.52
00.00092    4.26    6.52
00.00096    4.26    6.52
00.00100    4.26    6.52
00.00104    4.26    6.52
00.00108    4.26    6.52
00.00112    4.26    6.52
00.00116    4.26    6.52
00.00120    4.26    6.52
00.00124    4.26    6.52
00.00128    4.26    6.52
00.00132    4.26    6.52
00.00136    4.26    6.52
00.00140    4.26    6.52
00.00144    4.26    6.52
00.00148    4.26    6.52
00.00152    4.26    6.56
00.00156    4.26    6.52
00.00160    4.26    6.52
00.00164    4.26    6.52
00.00168    4.26    6.52
00.00172    4.26    6.52
00.00176    4.26    6.52
00.00180    4.26    6.52
00.00184    4.26    6.52
00.00188    4.26    6.52
00.00192    4.26    6.52
00.00196    4.26    6.56
00.00200    4.26    6.52
00.00204    4.26    6.52
00.00208    4.26    6.52
00.00212    4.26    6.52
00.00216    4.26    6.52
00.00220    4.26    6.52
00.00224    4.26    6.52
00.00228    4.26    6.56
00.00232    4.26    6.56
00.00236    4.26    6.52
00.00240    4.26    6.56
00.00244    4.26    6.56
00.00248    4.26    6.52
00.00252    4.26    6.52
00.00256    4.26    6.56
00.00260    4.26    6.52
00.00264    4.26    6.52
00.00268    4.26    6.56
00.00272    4.26    6.52
00.00276    4.26    6.52
00.00280    4.26    6.52
00.00284    4.26    6.52
00.00288    4.26    6.52
00.00292    4.26    6.56
00.00296    4.26    6.52
00.00300    4.26    6.52
00.00304    4.26    6.52
00.00308    4.26    6.52
00.00312    4.26    6.52
00.00316    4.26    6.52
00.00320    4.26    6.52
00.00324    4.26    6.52
00.00328    4.26    6.52
00.00332    4.26    6.52
00.00336    4.26    6.56
00.00340    4.26    6.52
00.00344    4.26    6.52
00.00348    4.26    6.52
00.00352    4.26    6.52
00.00356    4.26    6.56
00.00360    4.26    6.52
00.00364    4.26    6.56
00.00368    4.26    6.56
00.00372    4.26    6.56
00.00376    4.26    6.52
00.00380    4.26    6.52
00.00384    4.26    6.52
00.00388    4.26    6.52
00.00392    4.26    6.52
00.00396    4.26    6.52
00.00400    4.26    6.56
00.00404    4.26    6.52
00.00408    4.26    6.52
00.00412    4.26    6.52
00.00416    4.26    6.52
00.00420    4.26    6.52
00.00424    4.26    6.56
00.00428    4.26    6.52
00.00432    4.26    6.56
00.00436    4.26    6.52
00.00440    4.26    6.52
00.00444    4.26    6.52
00.00448    4.26    6.52
00.00452    4.26    6.52
00.00456    4.26    6.52
00.00460    4.26    6.52
00.00464    4.26    6.52
00.00468    4.26    6.52
00.00472    4.26    6.56
00.00476    4.26    6.52
00.00480    4.26    6.52
00.00484    4.26    6.56
00.00488    4.26    6.52
00.00492    4.26    6.52
00.00496    4.26    6.52
00.00500    4.26    6.56
00.00504    4.26    6.52
00.00508    4.26    6.56
00.00512    4.26    6.52
00.00516    4.26    6.52
00.00520    4.26    6.52
00.00524    4.26    6.52
00.00528    4.26    6.56
00.00532    4.26    6.52
00.00536    4.26    6.52
00.00540    4.26    6.52
00.00544    4.26    6.56
00.00548    4.26    6.52
00.00552    4.26    6.52
00.00556    4.26    6.52
00.00560    4.26    6.56
00.00564    4.26    6.52
00.00568    4.26    6.52
00.00572    4.26    6.52
00.00576    4.26    6.52
00.00580    4.26    6.52
00.00584    4.26    6.52
00.00588    4.26    6.52
00.00592    4.26    6.52
00.00596    4.26    6.52
00.00600    4.26    6.52
00.00604    4.26    6.52
00.00608    4.26    6.52
00.00612    4.26    6.52
00.00616    4.26    6.52
00.00620    4.26    6.52
00.00624    4.26    6.52
00.00628    4.26    6.52
00.00632    4.26    6.52
00.00636    4.26    6.52
00.00640    4.26    6.52
00.00644    4.26    6.52
00.00648    4.26    6.52
00.00652    4.26    6.52
00.00656    4.26    6.52
00.00660    4.26    6.52
00.00664    4.26    6.52
00.00668    4.26    6.52
00.00672    4.26    6.52
00.00676    4.26    6.52
00.00680    4.26    6.52
00.00684    4.26    6.56
00.00688    4.26    6.52
00.00692    4.26    6.56
00.00696    4.26    6.56
00.00700    4.26    6.52
00.00704    4.26    6.52
00.00708    4.26    6.52
00.00712    4.26    6.52
00.00716    4.26    6.52
00.00720    4.26    6.52
00.00724    4.26    6.52
00.00728    4.26    6.52
00.00732    4.26    6.52
00.00736    4.26    6.52
00.00740    4.26    6.56
00.00744    4.26    6.52
00.00748    4.26    6.52
00.00752    4.26    6.56
00.00756    4.26    6.52
00.00760    4.26    6.52
00.00764    4.26    6.52
00.00768    4.26    6.56
00.00772    4.26    6.52
00.00776    4.26    6.56
00.00780    4.26    6.52
00.00784    4.26    6.52
00.00788    4.26    6.52
00.00792    4.26    6.52
00.00796    4.26    6.52
00.00800    4.26    6.56
00.00804    4.26    6.52
00.00808    4.26    6.52
00.00812    4.26    6.52
00.00816    4.26    6.56
00.00820    4.26    6.56
00.00824    4.26    6.52
00.00828    4.26    6.52
00.00832    4.26    6.56
00.00836    4.26    6.56
00.00840    4.26    6.56
00.00844    4.26    6.52
00.00848    4.26    6.52
00.00852    4.26    6.56
00.00856    4.26    6.52
00.00860    4.26    6.52
00.00864    4.26    6.52
00.00868    4.26    6.52
00.00872    4.26    6.56
00.00876    4.26    6.52
00.00880    4.26    6.52
00.00884    4.26    6.56
00.00888    4.26    6.52
00.00892    4.26    6.56
00.00896    4.26    6.56
00.00900    4.26    6.52
00.00904    4.26    6.52
00.00908    4.26    6.56
00.00912    4.26    6.56
00.00916    4.26    6.56
00.00920    4.26    6.52
00.00924    4.26    6.52
00.00928    4.26    6.56
00.00932    4.26    6.56
00.00936    4.26    6.52
00.00940    4.26    6.56
00.00944    4.26    6.52
00.00948    4.26    6.72
00.00952    4.26    7.96
00.00956    4.26    9.24
00.00960    4.26    10.40
00.00964    4.26    10.56
00.00968    4.26    10.56
00.00972    4.26    10.56
00.00976    4.26    10.60
00.00980    4.26    10.60
00.00984    4.26    10.56
00.00988    4.26    10.60
00.00992    4.26    10.60
00.00996    4.26    10.60
00.01000    4.26    10.60
00.01004    4.26    10.56
00.01008    4.26    10.60
00.01012    4.26    10.60
00.01016    4.26    10.60
00.01020    4.26    10.56
00.01024    4.26    10.60
00.01028    4.26    10.60
00.01032    4.26    10.60
00.01036    4.26    10.56
00.01040    4.26    10.56
00.01044    4.26    10.56
00.01048    4.26    10.56
00.01052    4.26    10.60
00.01056    4.26    10.56
00.01060    4.26    10.56
00.01064    4.26    10.56
00.01068    4.26    10.60
00.01072    4.26    10.56
00.01076    4.26    10.60
00.01080    4.26    10.56
00.01084    4.26    10.56
00.01088    4.26    10.56
00.01092    4.26    10.60
00.01096    4.26    10.60
00.01100    4.26    10.56
00.01104    4.26    10.60
00.01108    4.26    10.56
00.01112    4.26    10.56
00.01116    4.26    10.56
00.01120    4.26    10.56
00.01124    4.26    10.60
00.01128    4.26    10.56
00.01132    4.26    10.60
00.01136    4.26    10.56
00.01140    4.26    10.60
00.01144    4.26    10.56
00.01148    4.26    10.56
00.01152    4.26    10.60
00.01156    4.26    10.56
00.01160    4.26    10.56
00.01164    4.26    10.56
00.01168    4.26    10.60
00.01172    4.26    10.60
00.01176    4.26    10.60
00.01180    4.26    10.56
00.01184    4.26    10.60
00.01188    4.26    10.56
00.01192    4.26    10.56
00.01196    4.26    10.56
00.01200    4.26    10.52
00.01204    4.26    10.48
00.01208    4.26    10.40
00.01212    4.26    9.64
00.01216    4.26    8.24
00.01220    4.26    6.64
00.01224    4.26    5.60
00.01228    4.26    5.20
00.01232    4.26    5.40
00.01236    4.26    5.68
00.01240    4.26    6.20
00.01244    4.26    6.92
00.01248    4.26    7.72
00.01252    4.26    8.48
00.01256    4.26    9.24
00.01260    4.26    9.92
00.01264    4.26    10.32
00.01268    4.26    10.44
00.01272    4.26    10.44
00.01276    4.26    10.48
00.01280    4.26    10.48
00.01284    4.26    10.52
00.01288    4.26    10.52
00.01292    4.26    10.52
00.01296    4.26    10.56
00.01300    4.26    10.56
00.01304    4.26    10.56
00.01308    4.26    10.52
00.01312    4.26    10.52
00.01316    4.26    10.52
00.01320    4.26    10.52
00.01324    4.26    10.52
00.01328    4.26    10.52
00.01332    4.26    10.52
00.01336    4.26    10.52
00.01340    4.26    10.48
00.01344    4.26    10.48
00.01348    4.26    10.48
00.01352    4.26    10.40
00.01356    4.26    10.36
00.01360    4.26    10.20
00.01364    4.26    9.76
00.01368    4.26    9.32
00.01372    4.26    8.80
00.01376    4.26    8.16
00.01380    4.26    7.48
00.01384    4.26    6.84
00.01388    4.26    6.32
00.01392    4.26    5.96
00.01396    4.26    5.84
00.01400    4.26    5.84
00.01404    4.26    5.92
00.01408    4.26    6.16
00.01412    4.26    6.48
00.01416    4.26    6.84
00.01420    4.26    7.24
00.01424    4.26    7.48
00.01428    4.26    7.68
00.01432    4.26    7.68
00.01436    4.26    7.60
00.01440    4.26    7.44
00.01444    4.26    7.32
00.01448    4.26    7.20
00.01452    4.26    7.16
00.01456    4.26    7.16
00.01460    4.26    7.16
00.01464    4.26    7.00
00.01468    4.26    6.84
00.01472    4.26    6.68
00.01476    4.26    6.56
00.01480    4.26    6.56
00.01484    4.26    6.56
00.01488    4.26    6.72
00.01492    4.26    6.92
00.01496    4.26    7.12
00.01500    4.26    7.28
00.01504    4.26    7.36
00.01508    4.26    7.28
00.01512    4.26    7.12
00.01516    4.26    6.88
00.01520    4.26    6.72
00.01524    4.26    6.68
00.01528    4.26    6.84
00.01532    4.26    7.00
00.01536    4.26    7.16
00.01540    4.26    7.32
00.01544    4.26    7.36
00.01548    4.26    7.32
00.01552    4.26    7.28
00.01556    4.26    7.20
00.01560    4.26    7.12
00.01564    4.26    7.04
00.01568    4.26    7.00
00.01572    4.26    6.96
00.01576    4.26    7.00
00.01580    4.26    7.04
00.01584    4.26    7.08
00.01588    4.26    7.08
00.01592    4.26    7.08
00.01596    4.26    7.08
00.01600    4.26    7.04
00.01604    4.26    7.00
00.01608    4.26    6.96
00.01612    4.26    6.92
00.01616    4.26    6.92
00.01620    4.26    6.92
00.01624    4.26    6.84
00.01628    4.26    6.80
00.01632    4.26    6.76
00.01636    4.26    6.72
00.01640    4.26    6.64
00.01644    4.26    6.60
00.01648    4.26    6.52
00.01652    4.26    6.44
00.01656    4.26    6.44
00.01660    4.26    6.40
00.01664    4.26    6.40
00.01668    4.26    6.44
00.01672    4.26    6.44
00.01676    4.26    6.48
00.01680    4.26    6.52
00.01684    4.26    6.52
00.01688    4.26    6.48
00.01692    4.26    6.48
00.01696    4.26    6.44
00.01700    4.26    6.40
00.01704    4.26    6.40
00.01708    4.26    6.40
00.01712    4.26    6.44
00.01716    4.26    6.48
00.01720    4.26    6.48
00.01724    4.26    6.52
00.01728    4.26    6.48
00.01732    4.26    6.44
00.01736    4.26    6.40
00.01740    4.26    6.36
00.01744    4.26    6.36
00.01748    4.26    6.36
00.01752    4.26    6.36
00.01756    4.26    6.36
00.01760    4.26    6.40
00.01764    4.26    6.36
00.01768    4.26    6.36
00.01772    4.26    6.36
00.01776    4.26    6.36
00.01780    4.26    6.36
00.01784    4.26    6.32
00.01788    4.26    6.36
00.01792    4.26    6.36
00.01796    4.26    6.36
00.01800    4.26    6.40
00.01804    4.26    6.44
00.01808    4.26    6.48
00.01812    4.26    6.48
00.01816    4.26    6.52
00.01820    4.26    6.52
00.01824    4.26    6.56
00.01828    4.26    6.56
00.01832    4.26    6.56
00.01836    4.26    6.60
00.01840    4.26    6.60
00.01844    4.26    6.64
00.01848    4.26    6.64
00.01852    4.26    6.68
00.01856    4.26    6.68
00.01860    4.26    6.68
00.01864    4.26    6.72
00.01868    4.26    6.72
00.01872    4.26    6.72
00.01876    4.26    6.68
00.01880    4.26    6.68
00.01884    4.26    6.68
00.01888    4.26    6.72
00.01892    4.26    6.72
00.01896    4.26    6.72
00.01900    4.26    6.72
00.01904    4.26    6.76
00.01908    4.26    6.80
00.01912    4.26    6.72
00.01916    4.26    6.80
00.01920    4.26    6.76
00.01924    4.26    6.80
00.01928    4.26    6.80
00.01932    4.26    6.76
00.01936    4.26    6.80
00.01940    4.26    6.84
00.01944    4.26    6.84
00.01948    4.26    6.84
00.01952    4.26    6.84
00.01956    4.26    6.84
00.01960    4.26    6.84
00.01964    4.26    6.84
00.01968    4.26    6.84
00.01972    4.26    6.84
00.01976    4.26    6.88
00.01980    4.26    6.84
00.01984    4.26    6.84
00.01988    4.26    6.84
00.01992    4.26    6.80
00.01996    4.26    6.84
00.02000    4.26    6.80
00.02004    4.26    6.80
00.02008    4.26    6.76
00.02012    4.26    6.76
00.02016    4.26    6.76
00.02020    4.26    6.76
00.02024    4.26    6.72
00.02028    4.26    6.72
00.02032    4.26    6.72
00.02036    4.26    6.68
00.02040    4.26    6.68
00.02044    4.26    6.68
00.02048    4.26    6.68
00.02052    4.26    6.64
00.02056    4.26    6.64
00.02060    4.26    6.60
00.02064    4.26    6.60
00.02068    4.26    6.56
00.02072    4.26    6.52
00.02076    4.26    6.56
00.02080    4.26    6.52
00.02084    4.26    6.52
00.02088    4.26    6.48
00.02092    4.26    6.52
00.02096    4.26    6.48
00.02100    4.26    6.44
00.02104    4.26    6.44
00.02108    4.26    6.48
00.02112    4.26    6.48
00.02116    4.26    6.48
00.02120    4.26    6.48
00.02124    4.26    6.44
00.02128    4.26    6.44
00.02132    4.26    6.48
00.02136    4.26    6.44
00.02140    4.26    6.44
00.02144    4.26    6.44
00.02148    4.26    6.44
00.02152    4.26    6.48
00.02156    4.26    6.48
00.02160    4.26    6.48
00.02164    4.26    6.48
00.02168    4.26    6.48
00.02172    4.26    6.48
00.02176    4.26    6.48
00.02180    4.26    6.48
00.02184    4.26    6.52
00.02188    4.26    6.52
00.02192    4.26    6.52
00.02196    4.26    6.52
00.02200    4.26    6.52
00.02204    4.26    6.60
00.02208    4.26    6.56
00.02212    4.26    6.56
00.02216    4.26    6.52
00.02220    4.26    6.52
00.02224    4.26    6.52
00.02228    4.26    6.52
00.02232    4.26    6.56
00.02236    4.26    6.56
00.02240    4.26    6.56
00.02244    4.26    6.56
00.02248    4.26    6.56
00.02252    4.26    6.60
00.02256    4.26    6.60
00.02260    4.26    6.56
00.02264    4.26    6.56
00.02268    4.26    6.56
00.02272    4.26    6.52
00.02276    4.26    6.52
00.02280    4.26    6.48
00.02284    4.26    6.52
00.02288    4.26    6.52
00.02292    4.26    6.56
00.02296    4.26    6.60
00.02300    4.26    6.56
00.02304    4.26    6.56
00.02308    4.26    6.56
00.02312    4.26    6.56
00.02316    4.26    6.56
00.02320    4.26    6.64
00.02324    4.26    6.60
00.02328    4.26    6.64
00.02332    4.26    6.64
00.02336    4.26    6.68
00.02340    4.26    6.68
00.02344    4.26    6.68
00.02348    4.26    6.68
00.02352    4.26    6.68
00.02356    4.26    6.68
00.02360    4.26    6.68
00.02364    4.26    6.72
00.02368    4.26    6.72
00.02372    4.26    6.72
00.02376    4.26    6.76
00.02380    4.26    6.76
00.02384    4.26    6.76
00.02388    4.26    6.76
00.02392    4.26    6.76
00.02396    4.26    6.76
00.02400    4.26    6.76
00.02404    4.26    6.76
00.02408    4.26    6.76
00.02412    4.26    6.72
00.02416    4.26    6.72
00.02420    4.26    6.72
00.02424    4.26    6.72
00.02428    4.26    6.68
00.02432    4.26    6.68
00.02436    4.26    6.68
00.02440    4.26    6.68
00.02444    4.26    6.68
00.02448    4.26    6.68
00.02452    4.26    6.68
00.02456    4.26    6.68
00.02460    4.26    6.68
00.02464    4.26    6.68
00.02468    4.26    6.64
00.02472    4.26    6.68
00.02476    4.26    6.64
00.02480    4.26    6.64
00.02484    4.26    6.64
00.02488    4.26    6.64
00.02492    4.26    6.64
00.02496    4.26    6.64
00.02500    4.26    6.64
00.02504    4.26    6.64
00.02508    4.26    6.60
00.02512    4.26    6.60
00.02516    4.26    6.60
00.02520    4.26    6.60
00.02524    4.26    6.60
00.02528    4.26    6.56
00.02532    4.26    6.56
00.02536    4.26    6.56
00.02540    4.26    6.52
00.02544    4.26    6.52
00.02548    4.26    6.48
00.02552    4.26    6.48
00.02556    4.26    6.48
00.02560    4.26    6.52
00.02564    4.26    6.48
00.02568    4.26    6.48
00.02572    4.26    6.48
00.02576    4.26    6.48
00.02580    4.26    6.48
00.02584    4.26    6.44
00.02588    4.26    6.48
00.02592    4.26    6.44
00.02596    4.26    6.48
00.02600    4.26    6.48
00.02604    4.26    6.48
00.02608    4.26    6.48
00.02612    4.26    6.48
00.02616    4.26    6.48
00.02620    4.26    6.48
00.02624    4.26    6.48
00.02628    4.26    6.48
00.02632    4.26    6.48
00.02636    4.26    6.48
00.02640    4.26    6.52
00.02644    4.26    6.52
00.02648    4.26    6.52
00.02652    4.26    6.52
00.02656    4.26    6.52
00.02660    4.26    6.52
00.02664    4.26    6.52
00.02668    4.26    6.52
00.02672    4.26    6.52
00.02676    4.26    6.52
00.02680    4.26    6.48
00.02684    4.26    6.52
00.02688    4.26    6.52
00.02692    4.26    6.52
00.02696    4.26    6.48
00.02700    4.26    6.52
00.02704    4.26    6.52
00.02708    4.26    6.52
00.02712    4.26    6.52
00.02716    4.26    6.52
00.02720    4.26    6.52
00.02724    4.26    6.52
00.02728    4.26    6.52
00.02732    4.26    6.52
00.02736    4.26    6.52
00.02740    4.26    6.52
00.02744    4.26    6.52
00.02748    4.26    6.56
00.02752    4.26    6.56
00.02756    4.26    6.56
00.02760    4.26    6.60
00.02764    4.26    6.60
00.02768    4.26    6.60
00.02772    4.26    6.64
00.02776    4.26    6.64
00.02780    4.26    6.68
00.02784    4.26    6.68
00.02788    4.26    6.68
00.02792    4.26    6.72
00.02796    4.26    6.72
00.02800    4.26    6.72
00.02804    4.26    6.72
00.02808    4.26    6.72
00.02812    4.26    6.72
00.02816    4.26    6.76
00.02820    4.26    6.76
00.02824    4.26    6.80
00.02828    4.26    6.76
00.02832    4.26    6.76
00.02836    4.26    6.76
00.02840    4.26    6.76
00.02844    4.26    6.80
00.02848    4.26    6.76
00.02852    4.26    6.76
00.02856    4.26    6.76
00.02860    4.26    6.72
00.02864    4.26    6.72
00.02868    4.26    6.68
00.02872    4.26    6.68
00.02876    4.26    6.68
00.02880    4.26    6.68
00.02884    4.26    6.68
00.02888    4.26    6.64
00.02892    4.26    6.68
00.02896    4.26    6.64
00.02900    4.26    6.64
00.02904    4.26    6.64
00.02908    4.26    6.64
00.02912    4.26    6.64
00.02916    4.26    6.64
00.02920    4.26    6.60
00.02924    4.26    6.60
00.02928    4.26    6.60
00.02932    4.26    6.60
00.02936    4.26    6.60
00.02940    4.26    6.60
00.02944    4.26    6.56
00.02948    4.26    6.60
00.02952    4.26    6.56
00.02956    4.26    6.56
00.02960    4.26    6.56
00.02964    4.26    6.56
00.02968    4.26    6.52
00.02972    4.26    6.52
00.02976    4.26    6.52
00.02980    4.26    6.52
00.02984    4.26    6.52
00.02988    4.26    6.48
00.02992    4.26    6.48
00.02996    4.26    6.48
00.03000    4.26    6.48
00.03004    4.26    6.48
00.03008    4.26    6.48
00.03012    4.26    6.44
00.03016    4.26    6.44
00.03020    4.26    6.44
00.03024    4.26    6.44
00.03028    4.26    6.44
00.03032    4.26    6.44
00.03036    4.26    6.44
00.03040    4.26    6.40
00.03044    4.26    6.40
00.03048    4.26    6.44
00.03052    4.26    6.44
00.03056    4.26    6.44
00.03060    4.26    6.44
00.03064    4.26    6.48
00.03068    4.26    6.44
00.03072    4.26    6.48
00.03076    4.26    6.48
00.03080    4.26    6.48
00.03084    4.26    6.48
00.03088    4.26    6.48
00.03092    4.26    6.48
00.03096    4.26    6.48
00.03100    4.26    6.52
00.03104    4.26    6.52
00.03108    4.26    6.52
00.03112    4.26    6.52
00.03116    4.26    6.52
00.03120    4.26    6.56
00.03124    4.26    6.56
00.03128    4.26    6.52
00.03132    4.26    6.52
00.03136    4.26    6.56
00.03140    4.26    6.56
00.03144    4.26    6.56
00.03148    4.26    6.56
00.03152    4.26    6.56
00.03156    4.26    6.60
00.03160    4.26    6.60
00.03164    4.26    6.60
00.03168    4.26    6.60
00.03172    4.26    6.60
00.03176    4.26    6.60
00.03180    4.26    6.60
00.03184    4.26    6.60
00.03188    4.26    6.64
00.03192    4.26    6.64
00.03196    4.26    6.64
00.03200    4.26    6.68
00.03204    4.26    6.64
00.03208    4.26    6.64
00.03212    4.26    6.68
00.03216    4.26    6.68
00.03220    4.26    6.68
00.03224    4.26    6.68
00.03228    4.26    6.72
00.03232    4.26    6.68
00.03236    4.26    6.72
00.03240    4.26    6.72
00.03244    4.26    6.72
00.03248    4.26    6.72
00.03252    4.26    6.72
00.03256    4.26    6.72
00.03260    4.26    6.72
00.03264    4.26    6.72
00.03268    4.26    6.72
00.03272    4.26    6.72
00.03276    4.26    6.72
00.03280    4.26    6.72
00.03284    4.26    6.72
00.03288    4.26    6.68
00.03292    4.26    6.72
00.03296    4.26    6.68
00.03300    4.26    6.68
00.03304    4.26    6.68
00.03308    4.26    6.68
00.03312    4.26    6.64
00.03316    4.26    6.60
00.03320    4.26    6.60
00.03324    4.26    6.60
00.03328    4.26    6.60
00.03332    4.26    6.56
00.03336    4.26    6.56
00.03340    4.26    6.56
00.03344    4.26    6.56
00.03348    4.26    6.52
00.03352    4.26    6.56
00.03356    4.26    6.52
00.03360    4.26    6.52
00.03364    4.26    6.52
00.03368    4.26    6.52
00.03372    4.26    6.52
00.03376    4.26    6.52
00.03380    4.26    6.52
00.03384    4.26    6.52
00.03388    4.26    6.52
00.03392    4.26    6.52
00.03396    4.26    6.52
00.03400    4.26    6.48
00.03404    4.26    6.52
00.03408    4.26    6.48
00.03412    4.26    6.48
00.03416    4.26    6.48
00.03420    4.26    6.44
00.03424    4.26    6.48
00.03428    4.26    6.48
00.03432    4.26    6.52
00.03436    4.26    6.48
00.03440    4.26    6.52
00.03444    4.26    6.48
00.03448    4.26    6.48
00.03452    4.26    6.48
00.03456    4.26    6.48
00.03460    4.26    6.48
00.03464    4.26    6.48
00.03468    4.26    6.48
00.03472    4.26    6.48
00.03476    4.26    6.48
00.03480    4.26    6.48
00.03484    4.26    6.48
00.03488    4.26    6.48
00.03492    4.26    6.48
00.03496    4.26    6.52
00.03500    4.26    6.52
00.03504    4.26    6.52
00.03508    4.26    6.52
00.03512    4.26    6.52
00.03516    4.26    6.52
00.03520    4.26    6.52
00.03524    4.26    6.52
00.03528    4.26    6.52
00.03532    4.26    6.52
00.03536    4.26    6.52
00.03540    4.26    6.56
00.03544    4.26    6.56
00.03548    4.26    6.56
00.03552    4.26    6.56
00.03556    4.26    6.60
00.03560    4.26    6.60
00.03564    4.26    6.60
00.03568    4.26    6.60
00.03572    4.26    6.64
00.03576    4.26    6.64
00.03580    4.26    6.64
00.03584    4.26    6.64
00.03588    4.26    6.64
00.03592    4.26    6.64
00.03596    4.26    6.64
00.03600    4.26    6.64
00.03604    4.26    6.64
00.03608    4.26    6.64
00.03612    4.26    6.68
00.03616    4.26    6.68
00.03620    4.26    6.68
00.03624    4.26    6.68
00.03628    4.26    6.68
00.03632    4.26    6.68
00.03636    4.26    6.68
00.03640    4.26    6.68
00.03644    4.26    6.68
00.03648    4.26    6.68
00.03652    4.26    6.68
00.03656    4.26    6.68
00.03660    4.26    6.68
00.03664    4.26    6.68
00.03668    4.26    6.72
00.03672    4.26    6.68
00.03676    4.26    6.68
00.03680    4.26    6.68
00.03684    4.26    6.68
00.03688    4.26    6.68
00.03692    4.26    6.68
00.03696    4.26    6.68
00.03700    4.26    6.68
00.03704    4.26    6.64
00.03708    4.26    6.64
00.03712    4.26    6.64
00.03716    4.26    6.64
00.03720    4.26    6.64
00.03724    4.26    6.64
00.03728    4.26    6.60
00.03732    4.26    6.60
00.03736    4.26    6.60
00.03740    4.26    6.60
00.03744    4.26    6.56
00.03748    4.26    6.56
00.03752    4.26    6.56
00.03756    4.26    6.60
00.03760    4.26    6.52
00.03764    4.26    6.56
00.03768    4.26    6.52
00.03772    4.26    6.52
00.03776    4.26    6.52
00.03780    4.26    6.52
00.03784    4.26    6.52
00.03788    4.26    6.52
00.03792    4.26    6.48
00.03796    4.26    6.52
00.03800    4.26    6.48
00.03804    4.26    6.48
00.03808    4.26    6.48
00.03812    4.26    6.52
00.03816    4.26    6.48
00.03820    4.26    6.48
00.03824    4.26    6.48
00.03828    4.26    6.52
00.03832    4.26    6.48
00.03836    4.26    6.48
00.03840    4.26    6.48
00.03844    4.26    6.52
00.03848    4.26    6.48
00.03852    4.26    6.52
00.03856    4.26    6.52
00.03860    4.26    6.48
00.03864    4.26    6.52
00.03868    4.26    6.52
00.03872    4.26    6.52
00.03876    4.26    6.48
00.03880    4.26    6.52
00.03884    4.26    6.52
00.03888    4.26    6.52
00.03892    4.26    6.52
00.03896    4.26    6.52
00.03900    4.26    6.52
00.03904    4.26    6.52
00.03908    4.26    6.52
00.03912    4.26    6.56
00.03916    4.26    6.56
00.03920    4.26    6.56
00.03924    4.26    6.56
00.03928    4.26    6.56
00.03932    4.26    6.56
00.03936    4.26    6.56
00.03940    4.26    6.56
00.03944    4.26    6.56
00.03948    4.26    6.56
00.03952    4.26    6.56
00.03956    4.26    6.56
00.03960    4.26    6.56
00.03964    4.26    6.56
00.03968    4.26    6.56
00.03972    4.26    6.60
00.03976    4.26    6.60
00.03980    4.26    6.60
00.03984    4.26    6.60
00.03988    4.26    6.60
00.03992    4.26    6.60
00.03996    4.26    6.60
00.04000    4.26    6.60
00.04004    4.26    6.60
00.04008    4.26    6.60
00.04012    4.26    6.60
00.04016    4.26    6.60
00.04020    4.26    6.64
00.04024    4.26    6.64
00.04028    4.26    6.64
00.04032    4.26    6.64
00.04036    4.26    6.60
00.04040    4.26    6.64
00.04044    4.26    6.64
00.04048    4.26    6.64
00.04052    4.26    6.64
00.04056    4.26    6.64
00.04060    4.26    6.64
00.04064    4.26    6.68
00.04068    4.26    6.64
00.04072    4.26    6.64
00.04076    4.26    6.64
00.04080    4.26    6.64
00.04084    4.26    6.64
00.04088    4.26    6.64
00.04092    4.26    6.60
00.04096    4.26    6.64
00.04100    4.26    6.64
00.04104    4.26    6.60
00.04108    4.26    6.64
00.04112    4.26    6.60
00.04116    4.26    6.60
00.04120    4.26    6.60
00.04124    4.26    6.56
00.04128    4.26    6.60
00.04132    4.26    6.60
00.04136    4.26    6.60
00.04140    4.26    6.60
00.04144    4.26    6.60
00.04148    4.26    6.60
00.04152    4.26    6.56
00.04156    4.26    6.56
00.04160    4.26    6.56
00.04164    4.26    6.56
00.04168    4.26    6.56
00.04172    4.26    6.56
00.04176    4.26    6.56
00.04180    4.26    6.52
00.04184    4.26    6.52
00.04188    4.26    6.56
00.04192    4.26    6.56
00.04196    4.26    6.56
00.04200    4.26    6.52
00.04204    4.26    6.52
00.04208    4.26    6.52
00.04212    4.26    6.52
00.04216    4.26    6.52
00.04220    4.26    6.52
00.04224    4.26    6.52
00.04228    4.26    6.52
00.04232    4.26    6.52
00.04236    4.26    6.52
00.04240    4.26    6.52
00.04244    4.26    6.52
00.04248    4.26    6.52
00.04252    4.26    6.52
00.04256    4.26    6.52
00.04260    4.26    6.52
00.04264    4.26    6.52
00.04268    4.26    6.52
00.04272    4.26    6.52
00.04276    4.26    6.52
00.04280    4.26    6.52
00.04284    4.26    6.52
00.04288    4.26    6.52
00.04292    4.26    6.52
00.04296    4.26    6.52
00.04300    4.26    6.52
00.04304    4.26    6.52
00.04308    4.26    6.52
00.04312    4.26    6.52
00.04316    4.26    6.56
00.04320    4.26    6.52
00.04324    4.26    6.52
00.04328    4.26    6.52
00.04332    4.26    6.52
00.04336    4.26    6.52
00.04340    4.26    6.52
00.04344    4.26    6.52
00.04348    4.26    6.52
00.04352    4.26    6.52
00.04356    4.26    6.56
00.04360    4.26    6.52
00.04364    4.26    6.56
00.04368    4.26    6.56
00.04372    4.26    6.52
00.04376    4.26    6.56
00.04380    4.26    6.56
00.04384    4.26    6.56
00.04388    4.26    6.56
00.04392    4.26    6.56
00.04396    4.26    6.56
00.04400    4.26    6.56
00.04404    4.26    6.56
00.04408    4.26    6.60
00.04412    4.26    6.60
00.04416    4.26    6.60
00.04420    4.26    6.56
00.04424    4.26    6.60
00.04428    4.26    6.56
00.04432    4.26    6.64
00.04436    4.26    6.60
00.04440    4.26    6.60
00.04444    4.26    6.60
00.04448    4.26    6.60
00.04452    4.26    6.60
00.04456    4.26    6.60
00.04460    4.26    6.64
00.04464    4.26    6.64
00.04468    4.26    6.64
00.04472    4.26    6.64
00.04476    4.26    6.64
00.04480    4.26    6.64
00.04484    4.26    6.60
00.04488    4.26    6.64
00.04492    4.26    6.64
00.04496    4.26    6.64
00.04500    4.26    6.64
00.04504    4.26    6.64
00.04508    4.26    6.64
00.04512    4.26    6.60
00.04516    4.26    6.60
00.04520    4.26    6.64
00.04524    4.26    6.60
00.04528    4.26    6.64
00.04532    4.26    6.60
00.04536    4.26    6.64
00.04540    4.26    6.60
00.04544    4.26    6.60
00.04548    4.26    6.60
00.04552    4.26    6.60
00.04556    4.26    6.60
00.04560    4.26    6.60
00.04564    4.26    6.60
00.04568    4.26    6.60
00.04572    4.26    6.60
00.04576    4.26    6.60
00.04580    4.26    6.56
00.04584    4.26    6.60
00.04588    4.26    6.56
00.04592    4.26    6.56
00.04596    4.26    6.56
00.04600    4.26    6.56
00.04604    4.26    6.60
00.04608    4.26    6.56
00.04612    4.26    6.56
00.04616    4.26    6.56
00.04620    4.26    6.56
00.04624    4.26    6.56
00.04628    4.26    6.56
00.04632    4.26    6.52
00.04636    4.26    6.52
00.04640    4.26    6.52
00.04644    4.26    6.52
00.04648    4.26    6.52
00.04652    4.26    6.52
00.04656    4.26    6.52
00.04660    4.26    6.52
00.04664    4.26    6.52
00.04668    4.26    6.56
00.04672    4.26    6.52
00.04676    4.26    6.52
00.04680    4.26    6.52
00.04684    4.26    6.52
00.04688    4.26    6.52
00.04692    4.26    6.52
00.04696    4.26    6.52
00.04700    4.26    6.52
00.04704    4.26    6.52
00.04708    4.26    6.52
00.04712    4.26    6.52
00.04716    4.26    6.52
00.04720    4.26    6.52
00.04724    4.26    6.52
00.04728    4.26    6.52
00.04732    4.26    6.52
00.04736    4.26    6.52
00.04740    4.26    6.52
00.04744    4.26    6.52
00.04748    4.26    6.52
00.04752    4.26    6.52
00.04756    4.26    6.52
00.04760    4.26    6.52
00.04764    4.26    6.52
00.04768    4.26    6.56
00.04772    4.26    6.56
00.04776    4.26    6.56
00.04780    4.26    6.56
00.04784    4.26    6.56
00.04788    4.26    6.56
00.04792    4.26    6.56
00.04796    4.26    6.56
00.04800    4.26    6.56
00.04804    4.26    6.56
00.04808    4.26    6.56
00.04812    4.26    6.56
00.04816    4.26    6.56
00.04820    4.26    6.60
00.04824    4.26    6.60
00.04828    4.26    6.60
00.04832    4.26    6.60
00.04836    4.26    6.60
00.04840    4.26    6.60
00.04844    4.26    6.60
00.04848    4.26    6.60
00.04852    4.26    6.60
00.04856    4.26    6.60
00.04860    4.26    6.60
00.04864    4.26    6.60
00.04868    4.26    6.60
00.04872    4.26    6.60
00.04876    4.26    6.60
00.04880    4.26    6.60
00.04884    4.26    6.64
00.04888    4.26    6.64
00.04892    4.26    6.60
00.04896    4.26    6.60
00.04900    4.26    6.64
00.04904    4.26    6.60
00.04908    4.26    6.60
00.04912    4.26    6.60
00.04916    4.26    6.60
00.04920    4.26    6.60
00.04924    4.26    6.60
00.04928    4.26    6.60
00.04932    4.26    6.64
00.04936    4.26    6.60
00.04940    4.26    6.60
00.04944    4.26    6.60
00.04948    4.26    6.60
00.04952    4.26    6.60
00.04956    4.26    6.60
00.04960    4.26    6.60
00.04964    4.26    6.56
00.04968    4.26    6.60
00.04972    4.26    6.60
00.04976    4.26    6.56
00.04980    4.26    6.56
00.04984    4.26    6.56
00.04988    4.26    6.56
00.04992    4.26    6.56
00.04996    4.26    6.56
00.05000    4.26    6.56
00.05004    4.26    6.56
00.05008    4.26    6.56
00.05012    4.26    6.52
00.05016    4.26    6.56
00.05020    4.26    6.56
00.05024    4.26    6.52
00.05028    4.26    6.52
00.05032    4.26    6.52
00.05036    4.26    6.52
00.05040    4.26    6.52
00.05044    4.26    6.52
00.05048    4.26    6.56
00.05052    4.26    6.52
00.05056    4.26    6.56
00.05060    4.26    6.52
00.05064    4.26    6.52
00.05068    4.26    6.52
00.05072    4.26    6.52
00.05076    4.26    6.52
00.05080    4.26    6.52
00.05084    4.26    6.52
00.05088    4.26    6.52
00.05092    4.26    6.56
00.05096    4.26    6.52
00.05100    4.26    6.52
00.05104    4.26    6.52
00.05108    4.26    6.52
00.05112    4.26    6.56
00.05116    4.26    6.52
00.05120    4.26    6.52
00.05124    4.26    6.56
00.05128    4.26    6.52
00.05132    4.26    6.52
00.05136    4.26    6.52
00.05140    4.26    6.52
00.05144    4.26    6.52
00.05148    4.26    6.52
00.05152    4.26    6.52
00.05156    4.26    6.56
00.05160    4.26    6.56
00.05164    4.26    6.52
00.05168    4.26    6.56
00.05172    4.26    6.52
00.05176    4.26    6.56
00.05180    4.26    6.56
00.05184    4.26    6.56
00.05188    4.26    6.60
00.05192    4.26    6.56
00.05196    4.26    6.56
00.05200    4.26    6.56
00.05204    4.26    6.56
00.05208    4.26    6.56
00.05212    4.26    6.56
00.05216    4.26    6.56
00.05220    4.26    6.56
00.05224    4.26    6.56
00.05228    4.26    6.60
00.05232    4.26    6.56
00.05236    4.26    6.60
00.05240    4.26    6.60
00.05244    4.26    6.60
00.05248    4.26    6.60
00.05252    4.26    6.56
00.05256    4.26    6.60
00.05260    4.26    6.60
00.05264    4.26    6.56
00.05268    4.26    6.60
00.05272    4.26    6.60
00.05276    4.26    6.60
00.05280    4.26    6.60
00.05284    4.26    6.60
00.05288    4.26    6.60
00.05292    4.26    6.60
00.05296    4.26    6.60
00.05300    4.26    6.60
00.05304    4.26    6.64
00.05308    4.26    6.60
00.05312    4.26    6.60
00.05316    4.26    6.60
00.05320    4.26    6.56
00.05324    4.26    6.60
00.05328    4.26    6.60
00.05332    4.26    6.60
00.05336    4.26    6.60
00.05340    4.26    6.60
00.05344    4.26    6.60
00.05348    4.26    6.60
00.05352    4.26    6.60
00.05356    4.26    6.60
00.05360    4.26    6.56
00.05364    4.26    6.56
00.05368    4.26    6.60
00.05372    4.26    6.60
00.05376    4.26    6.60
00.05380    4.26    6.60
00.05384    4.26    6.60
00.05388    4.26    6.60
00.05392    4.26    6.56
00.05396    4.26    6.60
00.05400    4.26    6.56
00.05404    4.26    6.60
00.05408    4.26    6.56
00.05412    4.26    6.60
00.05416    4.26    6.56
00.05420    4.26    6.56
00.05424    4.26    6.56
00.05428    4.26    6.56
00.05432    4.26    6.56
00.05436    4.26    6.56
00.05440    4.26    6.56
00.05444    4.26    6.56
00.05448    4.26    6.56
00.05452    4.26    6.52
00.05456    4.26    6.56
00.05460    4.26    6.56
00.05464    4.26    6.56
00.05468    4.26    6.52
00.05472    4.26    6.56
00.05476    4.26    6.56
00.05480    4.26    6.52
00.05484    4.26    6.52
00.05488    4.26    6.56
00.05492    4.26    6.56
00.05496    4.26    6.52
00.05500    4.26    6.56
00.05504    4.26    6.52
00.05508    4.26    6.56
00.05512    4.26    6.56
00.05516    4.26    6.52
00.05520    4.26    6.56
00.05524    4.26    6.52
00.05528    4.26    6.52
00.05532    4.26    6.56
00.05536    4.26    6.56
00.05540    4.26    6.52
00.05544    4.26    6.56
00.05548    4.26    6.56
00.05552    4.26    6.52
00.05556    4.26    6.56
00.05560    4.26    6.56
00.05564    4.26    6.56
00.05568    4.26    6.56
00.05572    4.26    6.52
00.05576    4.26    6.56
00.05580    4.26    6.52
00.05584    4.26    6.52
00.05588    4.26    6.56
00.05592    4.26    6.56
00.05596    4.26    6.56
00.05600    4.26    6.52
00.05604    4.26    6.52
00.05608    4.26    6.56
00.05612    4.26    6.52
00.05616    4.26    6.56
00.05620    4.26    6.56
00.05624    4.26    6.56
00.05628    4.26    6.56
00.05632    4.26    6.52
00.05636    4.26    6.56
00.05640    4.26    6.60
00.05644    4.26    6.56
00.05648    4.26    6.56
00.05652    4.26    6.56
00.05656    4.26    6.56
00.05660    4.26    6.56
00.05664    4.26    6.56
00.05668    4.26    6.60
00.05672    4.26    6.60
00.05676    4.26    6.60
00.05680    4.26    6.60
00.05684    4.26    6.60
00.05688    4.26    6.60
00.05692    4.26    6.60
00.05696    4.26    6.60
00.05700    4.26    6.60
00.05704    4.26    6.60
00.05708    4.26    6.60
00.05712    4.26    6.60
00.05716    4.26    6.60
00.05720    4.26    6.60
00.05724    4.26    6.60
00.05728    4.26    6.60
00.05732    4.26    6.60
00.05736    4.26    6.60
00.05740    4.26    6.60
00.05744    4.26    6.60
00.05748    4.26    6.60
00.05752    4.26    6.60
00.05756    4.26    6.60
00.05760    4.26    6.60
00.05764    4.26    6.60
00.05768    4.26    6.60
00.05772    4.26    6.56
00.05776    4.26    6.60
00.05780    4.26    6.60
00.05784    4.26    6.60
00.05788    4.26    6.60
00.05792    4.26    6.56
00.05796    4.26    6.56
00.05800    4.26    6.60
00.05804    4.26    6.60
00.05808    4.26    6.60
00.05812    4.26    6.60
00.05816    4.26    6.56
00.05820    4.26    6.56
00.05824    4.26    6.56
00.05828    4.26    6.56
00.05832    4.26    6.56
00.05836    4.26    6.56
00.05840    4.26    6.56
00.05844    4.26    6.56
00.05848    4.26    6.56
00.05852    4.26    6.56
00.05856    4.26    6.56
00.05860    4.26    6.52
00.05864    4.26    6.56
00.05868    4.26    6.52
00.05872    4.26    6.56
00.05876    4.26    6.56
00.05880    4.26    6.56
00.05884    4.26    6.56
00.05888    4.26    6.56
00.05892    4.26    6.52
00.05896    4.26    6.56
00.05900    4.26    6.52
00.05904    4.26    6.52
00.05908    4.26    6.52
00.05912    4.26    6.52
00.05916    4.26    6.52
00.05920    4.26    6.52
00.05924    4.26    6.52
00.05928    4.26    6.48
00.05932    4.26    6.52
00.05936    4.26    6.56
00.05940    4.26    6.52
00.05944    4.26    6.56
00.05948    4.26    6.52
00.05952    4.26    6.52
00.05956    4.26    6.52
00.05960    4.26    6.52
00.05964    4.26    6.52
00.05968    4.26    6.52
00.05972    4.26    6.52
00.05976    4.26    6.52
00.05980    4.26    6.56
00.05984    4.26    6.52
00.05988    4.26    6.52
00.05992    4.26    6.56
00.05996    4.26    6.56
00.06000    4.26    6.52
00.06004    4.26    6.56
