Time       Trigger  Sample
-0.00930    0.10    6.44
-0.00929    0.10    6.44
-0.00928    0.12    6.48
-0.00927    0.12    6.44
-0.00926    0.12    6.44
-0.00925    0.10    6.48
-0.00924    0.10    6.44
-0.00923    0.10    6.44
-0.00922    0.10    6.48
-0.00921    0.10    6.48
-0.00920    0.10    6.44
-0.00919    0.10    6.44
-0.00918    0.10    6.44
-0.00917    0.12    6.44
-0.00916    0.10    6.48
-0.00915    0.02    6.48
-0.00914    0.10    6.44
-0.00913    0.10    6.44
-0.00912    0.10    6.44
-0.00911    0.10    6.48
-0.00910    0.10    6.44
-0.00909    0.12    6.44
-0.00908    0.06    6.44
-0.00907    0.10    6.44
-0.00906    0.12    6.48
-0.00905    0.10    6.44
-0.00904    0.10    6.48
-0.00903    0.12    6.48
-0.00902    0.10    6.44
-0.00901    0.12    6.44
-0.00900    0.10    6.48
-0.00899    0.12    6.44
-0.00898    0.10    6.48
-0.00897    0.10    6.44
-0.00896    0.16    6.48
-0.00895    0.10    6.44
-0.00894    0.10    6.48
-0.00893    0.10    6.44
-0.00892    0.10    6.44
-0.00891    0.10    6.44
-0.00890    0.10    6.48
-0.00889    0.04    6.44
-0.00888    0.10    6.44
-0.00887    0.10    6.44
-0.00886    0.10    6.44
-0.00885    0.10    6.44
-0.00884    0.10    6.48
-0.00883    0.10    6.48
-0.00882    0.10    6.48
-0.00881    0.10    6.48
-0.00880    0.10    6.44
-0.00879    0.10    6.48
-0.00878    0.12    6.44
-0.00877    0.10    6.48
-0.00876    0.10    6.48
-0.00875    0.12    6.44
-0.00874    0.12    6.44
-0.00873    0.10    6.48
-0.00872    0.10    6.44
-0.00871    0.12    6.48
-0.00870    0.12    6.44
-0.00869    0.10    6.48
-0.00868    0.10    6.44
-0.00867    0.12    6.44
-0.00866    0.12    6.44
-0.00865    0.10    6.44
-0.00864    0.12    6.48
-0.00863    0.10    6.44
-0.00862    0.10    6.48
-0.00861    0.10    6.48
-0.00860    0.10    6.44
-0.00859    0.12    6.48
-0.00858    0.12    6.48
-0.00857    0.00    6.44
-0.00856    0.10    6.48
-0.00855    0.10    6.48
-0.00854    0.12    6.48
-0.00853    0.10    6.44
-0.00852    0.10    6.44
-0.00851    0.06    6.48
-0.00850    0.10    6.44
-0.00849    0.12    6.48
-0.00848    0.12    6.44
-0.00847    0.10    6.44
-0.00846    0.10    6.44
-0.00845    0.10    6.44
-0.00844    0.10    6.48
-0.00843    0.10    6.44
-0.00842    0.10    6.48
-0.00841    0.10    6.44
-0.00840    0.10    6.44
-0.00839    0.10    6.48
-0.00838    0.10    6.44
-0.00837    0.10    6.48
-0.00836    0.10    6.44
-0.00835    0.10    6.44
-0.00834    0.10    6.48
-0.00833    0.10    6.44
-0.00832    0.10    6.48
-0.00831    0.10    6.44
-0.00830    0.10    6.44
-0.00829    0.10    6.44
-0.00828    0.12    6.44
-0.00827    0.10    6.48
-0.00826    0.10    6.44
-0.00825    0.10    6.44
-0.00824    0.10    6.44
-0.00823    0.10    6.48
-0.00822    0.10    6.44
-0.00821    0.12    6.44
-0.00820    0.10    6.44
-0.00819    0.10    6.44
-0.00818    0.02    6.44
-0.00817    0.10    6.48
-0.00816    0.10    6.44
-0.00815    0.10    6.48
-0.00814    0.10    6.48
-0.00813    0.10    6.44
-0.00812    0.12    6.44
-0.00811    0.12    6.44
-0.00810    0.10    6.48
-0.00809    0.10    6.44
-0.00808    0.10    6.44
-0.00807    0.10    6.44
-0.00806    0.10    6.48
-0.00805    0.10    6.44
-0.00804    0.12    6.48
-0.00803    0.10    6.48
-0.00802    0.10    6.44
-0.00801    0.10    6.48
-0.00800    0.10    6.44
-0.00799    0.14    6.44
-0.00798    0.12    6.44
-0.00797    0.12    6.48
-0.00796    0.10    6.44
-0.00795    0.12    6.44
-0.00794    0.10    6.48
-0.00793    0.10    6.44
-0.00792    0.10    6.44
-0.00791    0.12    6.44
-0.00790    0.10    6.44
-0.00789    0.10    6.44
-0.00788    0.10    6.44
-0.00787    0.12    6.44
-0.00786    0.10    6.48
-0.00785    0.12    6.44
-0.00784    0.10    6.48
-0.00783    0.10    6.44
-0.00782    0.10    6.44
-0.00781    0.10    6.48
-0.00780    0.10    6.48
-0.00779    0.10    6.44
-0.00778    0.10    6.48
-0.00777    0.12    6.44
-0.00776    0.10    6.44
-0.00775    0.10    6.48
-0.00774    0.12    6.48
-0.00773    0.12    6.44
-0.00772    0.10    6.44
-0.00771    0.10    6.48
-0.00770    0.10    6.44
-0.00769    0.10    6.48
-0.00768    0.10    6.44
-0.00767    0.10    6.44
-0.00766    0.12    6.48
-0.00765    0.10    6.48
-0.00764    0.10    6.48
-0.00763    0.12    6.44
-0.00762    0.10    6.44
-0.00761    0.12    6.44
-0.00760    0.10    6.44
-0.00759    0.10    6.48
-0.00758    0.10    6.48
-0.00757    0.10    6.44
-0.00756    0.10    6.44
-0.00755    0.12    6.44
-0.00754    0.16    6.44
-0.00753    0.10    6.48
-0.00752    0.10    6.44
-0.00751    0.10    6.44
-0.00750    0.10    6.44
-0.00749    0.10    6.48
-0.00748    0.12    6.44
-0.00747    0.10    6.44
-0.00746    0.10    6.44
-0.00745    0.10    6.44
-0.00744    0.10    6.44
-0.00743    0.10    6.44
-0.00742    0.10    6.48
-0.00741    0.12    6.44
-0.00740    0.10    6.44
-0.00739    0.10    6.48
-0.00738    0.10    6.44
-0.00737    0.12    6.48
-0.00736    0.12    6.48
-0.00735    0.12    6.44
-0.00734    0.10    6.48
-0.00733    0.10    6.44
-0.00732    0.12    6.44
-0.00731    0.10    6.48
-0.00730    0.12    6.48
-0.00729    0.10    6.44
-0.00728    0.12    6.44
-0.00727    0.12    6.48
-0.00726    0.10    6.44
-0.00725    0.12    6.48
-0.00724    0.12    6.44
-0.00723    0.10    6.44
-0.00722    0.10    6.44
-0.00721    0.22    6.48
-0.00720    0.10    6.44
-0.00719    0.12    6.44
-0.00718    0.12    6.44
-0.00717    0.10    6.44
-0.00716    0.12    6.44
-0.00715    0.06    6.44
-0.00714    0.10    6.44
-0.00713    0.10    6.48
-0.00712    0.10    6.44
-0.00711    0.12    6.44
-0.00710    0.12    6.44
-0.00709    0.10    6.44
-0.00708    0.10    6.44
-0.00707    0.10    6.44
-0.00706    0.10    6.44
-0.00705    0.10    6.44
-0.00704    0.10    6.44
-0.00703    0.10    6.44
-0.00702    0.12    6.44
-0.00701    0.10    6.44
-0.00700    0.10    6.48
-0.00699    0.10    6.44
-0.00698    0.10    6.44
-0.00697    0.10    6.44
-0.00696    0.10    6.44
-0.00695    0.10    6.44
-0.00694    0.10    6.44
-0.00693    0.10    6.44
-0.00692    0.10    6.44
-0.00691    0.10    6.48
-0.00690    0.12    6.44
-0.00689    0.10    6.48
-0.00688    0.10    6.44
-0.00687    0.10    6.44
-0.00686    0.10    6.44
-0.00685    0.10    6.44
-0.00684    0.10    6.48
-0.00683    0.10    6.48
-0.00682    0.10    6.48
-0.00681    0.12    6.44
-0.00680    0.12    6.44
-0.00679    0.12    6.44
-0.00678    0.12    6.48
-0.00677    0.10    6.44
-0.00676    0.12    6.48
-0.00675    0.10    6.44
-0.00674    0.10    6.48
-0.00673    0.10    6.44
-0.00672    0.12    6.44
-0.00671    0.10    6.44
-0.00670    0.12    6.48
-0.00669    0.12    6.48
-0.00668    0.10    6.48
-0.00667    0.10    6.48
-0.00666    0.12    6.44
-0.00665    0.12    6.48
-0.00664    0.10    6.44
-0.00663    0.04    6.44
-0.00662    0.10    6.48
-0.00661    0.12    6.48
-0.00660    0.10    6.44
-0.00659    0.12    6.44
-0.00658    0.12    6.48
-0.00657    0.08    6.44
-0.00656    0.10    6.44
-0.00655    0.10    6.44
-0.00654    0.12    6.44
-0.00653    0.10    6.44
-0.00652    0.10    6.44
-0.00651    0.10    6.44
-0.00650    0.12    6.48
-0.00649    0.12    6.48
-0.00648    0.10    6.44
-0.00647    0.12    6.48
-0.00646    0.10    6.48
-0.00645    0.10    6.48
-0.00644    0.10    6.44
-0.00643    0.12    6.48
-0.00642    0.12    6.44
-0.00641    0.10    6.44
-0.00640    0.12    6.48
-0.00639    0.12    6.44
-0.00638    0.08    6.44
-0.00637    0.12    6.44
-0.00636    0.10    6.44
-0.00635    0.10    6.48
-0.00634    0.12    6.44
-0.00633    0.10    6.44
-0.00632    0.10    6.44
-0.00631    0.12    6.44
-0.00630    0.12    6.48
-0.00629    0.10    6.44
-0.00628    0.10    6.44
-0.00627    0.10    6.48
-0.00626    0.10    6.44
-0.00625    0.10    6.44
-0.00624    0.12    6.44
-0.00623    0.10    6.44
-0.00622    0.10    6.44
-0.00621    0.12    6.44
-0.00620    0.10    6.44
-0.00619    0.10    6.48
-0.00618    0.06    6.44
-0.00617    0.10    6.44
-0.00616    0.10    6.48
-0.00615    0.10    6.44
-0.00614    0.10    6.44
-0.00613    0.12    6.44
-0.00612    0.10    6.44
-0.00611    0.12    6.44
-0.00610    0.10    6.44
-0.00609    0.10    6.44
-0.00608    0.12    6.44
-0.00607    0.10    6.48
-0.00606    0.12    6.48
-0.00605    0.08    6.44
-0.00604    0.10    6.44
-0.00603    0.12    6.48
-0.00602    0.12    6.48
-0.00601    0.10    6.44
-0.00600    0.10    6.48
-0.00599    0.12    6.44
-0.00598    0.12    6.44
-0.00597    0.10    6.44
-0.00596    0.10    6.44
-0.00595    0.12    6.44
-0.00594    0.10    6.44
-0.00593    0.12    6.44
-0.00592    0.10    6.44
-0.00591    0.10    6.44
-0.00590    0.10    6.48
-0.00589    0.12    6.48
-0.00588    0.10    6.44
-0.00587    0.10    6.44
-0.00586    0.12    6.48
-0.00585    0.14    6.44
-0.00584    0.10    6.44
-0.00583    0.10    6.44
-0.00582    0.10    6.48
-0.00581    0.10    6.44
-0.00580    0.10    6.44
-0.00579    0.10    6.48
-0.00578    0.10    6.44
-0.00577    0.10    6.48
-0.00576    0.10    6.44
-0.00575    0.12    6.48
-0.00574    0.10    6.44
-0.00573    0.10    6.44
-0.00572    0.10    6.44
-0.00571    0.10    6.48
-0.00570    0.10    6.48
-0.00569    0.12    6.48
-0.00568    0.10    6.44
-0.00567    0.12    6.44
-0.00566    0.08    6.44
-0.00565    0.10    6.48
-0.00564    0.10    6.44
-0.00563    0.12    6.48
-0.00562    0.10    6.44
-0.00561    0.10    6.48
-0.00560    0.10    6.44
-0.00559    0.10    6.44
-0.00558    0.10    6.44
-0.00557    0.10    6.44
-0.00556    0.10    6.44
-0.00555    0.10    6.48
-0.00554    0.10    6.44
-0.00553    0.10    6.44
-0.00552    0.12    6.44
-0.00551    0.10    6.44
-0.00550    0.18    6.44
-0.00549    0.10    6.48
-0.00548    0.12    6.44
-0.00547    0.12    6.44
-0.00546    0.12    6.44
-0.00545    0.10    6.44
-0.00544    0.10    6.48
-0.00543    0.10    6.44
-0.00542    0.12    6.44
-0.00541    0.10    6.44
-0.00540    0.10    6.48
-0.00539    0.12    6.44
-0.00538    0.12    6.44
-0.00537    0.10    6.44
-0.00536    0.10    6.44
-0.00535    0.10    6.44
-0.00534    0.10    6.48
-0.00533    0.10    6.44
-0.00532    0.10    6.44
-0.00531    0.12    6.44
-0.00530    0.12    6.44
-0.00529    0.10    6.44
-0.00528    0.12    6.48
-0.00527    0.14    6.44
-0.00526    0.10    6.44
-0.00525    0.10    6.44
-0.00524    0.12    6.44
-0.00523    0.08    6.44
-0.00522    0.10    6.44
-0.00521    0.12    6.44
-0.00520    0.10    6.48
-0.00519    0.08    6.44
-0.00518    0.10    6.44
-0.00517    0.10    6.44
-0.00516    0.10    6.44
-0.00515    0.12    6.44
-0.00514    0.10    6.48
-0.00513    0.12    6.44
-0.00512    0.10    6.44
-0.00511    0.10    6.44
-0.00510    0.10    6.48
-0.00509    0.08    6.40
-0.00508    0.10    6.44
-0.00507    0.10    6.48
-0.00506    0.12    6.44
-0.00505    0.10    6.44
-0.00504    0.10    6.44
-0.00503    0.10    6.44
-0.00502    0.20    6.48
-0.00501    0.12    6.44
-0.00500    0.12    6.48
-0.00499    0.10    6.48
-0.00498    0.10    6.44
-0.00497    0.10    6.44
-0.00496    0.12    6.48
-0.00495    0.10    6.44
-0.00494    0.10    6.44
-0.00493    0.10    6.48
-0.00492    0.10    6.48
-0.00491    0.10    6.44
-0.00490    0.10    6.48
-0.00489    0.12    6.44
-0.00488    0.00    6.44
-0.00487    0.10    6.44
-0.00486    0.10    6.44
-0.00485    0.10    6.44
-0.00484    0.10    6.48
-0.00483    0.10    6.44
-0.00482    0.10    6.44
-0.00481    0.10    6.44
-0.00480    0.10    6.48
-0.00479    0.10    6.44
-0.00478    0.12    6.44
-0.00477    0.10    6.44
-0.00476    0.10    6.48
-0.00475    0.10    6.44
-0.00474    0.10    6.44
-0.00473    0.10    6.44
-0.00472    0.12    6.44
-0.00471    0.12    6.48
-0.00470    0.10    6.44
-0.00469    0.12    6.44
-0.00468    0.10    6.44
-0.00467    0.10    6.44
-0.00466    0.12    6.44
-0.00465    0.10    6.44
-0.00464    0.10    6.44
-0.00463    0.12    6.44
-0.00462    0.12    6.44
-0.00461    0.10    6.48
-0.00460    0.12    6.44
-0.00459    0.12    6.48
-0.00458    0.12    6.44
-0.00457    0.12    6.44
-0.00456    0.10    6.44
-0.00455    0.10    6.44
-0.00454    0.12    6.44
-0.00453    0.10    6.44
-0.00452    0.10    6.44
-0.00451    0.10    6.44
-0.00450    0.10    6.44
-0.00449    0.10    6.44
-0.00448    0.10    6.44
-0.00447    0.10    6.44
-0.00446    0.12    6.44
-0.00445    0.12    6.48
-0.00444    0.12    6.44
-0.00443    0.12    6.44
-0.00442    0.12    6.44
-0.00441    0.10    6.48
-0.00440    0.10    6.44
-0.00439    0.12    6.44
-0.00438    0.10    6.44
-0.00437    0.12    6.44
-0.00436    0.10    6.48
-0.00435    0.12    6.44
-0.00434    0.12    6.48
-0.00433    0.10    6.48
-0.00432    0.10    6.44
-0.00431    0.12    6.44
-0.00430    0.16    6.44
-0.00429    0.10    6.44
-0.00428    0.10    6.44
-0.00427    0.10    6.44
-0.00426    0.12    6.44
-0.00425    0.12    6.44
-0.00424    0.10    6.48
-0.00423    0.12    6.44
-0.00422    0.10    6.44
-0.00421    0.10    6.48
-0.00420    0.12    6.44
-0.00419    0.10    6.48
-0.00418    0.10    6.44
-0.00417    0.12    6.44
-0.00416    0.10    6.48
-0.00415    0.10    6.48
-0.00414    0.12    6.48
-0.00413    0.10    6.44
-0.00412    0.12    6.48
-0.00411    0.08    6.44
-0.00410    0.10    6.44
-0.00409    0.10    6.48
-0.00408    0.10    6.48
-0.00407    0.12    6.44
-0.00406    0.12    6.44
-0.00405    0.10    6.44
-0.00404    0.10    6.44
-0.00403    0.12    6.48
-0.00402    0.10    6.48
-0.00401    0.10    6.44
-0.00400    0.10    6.48
-0.00399    0.10    6.48
-0.00398    0.10    6.44
-0.00397    0.10    6.44
-0.00396    0.10    6.44
-0.00395    0.10    6.44
-0.00394    0.12    6.44
-0.00393    0.10    6.48
-0.00392    0.12    6.44
-0.00391    -0.02   6.44
-0.00390    0.12    6.48
-0.00389    0.10    6.44
-0.00388    0.10    6.48
-0.00387    0.10    6.44
-0.00386    0.16    6.48
-0.00385    0.10    6.48
-0.00384    0.10    6.48
-0.00383    0.12    6.44
-0.00382    0.10    6.44
-0.00381    0.12    6.44
-0.00380    0.10    6.44
-0.00379    0.10    6.48
-0.00378    0.10    6.44
-0.00377    0.12    6.44
-0.00376    0.10    6.44
-0.00375    0.10    6.44
-0.00374    0.12    6.44
-0.00373    0.10    6.44
-0.00372    0.12    6.44
-0.00371    0.10    6.48
-0.00370    0.12    6.44
-0.00369    0.10    6.44
-0.00368    0.10    6.48
-0.00367    0.12    6.48
-0.00366    0.10    6.44
-0.00365    0.12    6.44
-0.00364    0.10    6.44
-0.00363    0.12    6.48
-0.00362    0.10    6.44
-0.00361    0.12    6.44
-0.00360    0.10    6.44
-0.00359    0.10    6.44
-0.00358    0.10    6.48
-0.00357    0.10    6.44
-0.00356    0.10    6.44
-0.00355    0.10    6.48
-0.00354    0.10    6.48
-0.00353    0.12    6.48
-0.00352    0.12    6.48
-0.00351    0.10    6.44
-0.00350    0.10    6.44
-0.00349    0.10    6.48
-0.00348    0.10    6.44
-0.00347    0.10    6.44
-0.00346    0.12    6.44
-0.00345    0.14    6.52
-0.00344    0.10    6.48
-0.00343    0.10    6.44
-0.00342    0.12    6.44
-0.00341    0.10    6.44
-0.00340    0.12    6.44
-0.00339    0.12    6.44
-0.00338    0.10    6.48
-0.00337    0.10    6.44
-0.00336    0.10    6.48
-0.00335    0.10    6.44
-0.00334    0.12    6.44
-0.00333    -0.02   6.44
-0.00332    0.10    6.44
-0.00331    0.10    6.48
-0.00330    0.12    6.48
-0.00329    0.10    6.44
-0.00328    0.10    6.44
-0.00327    0.12    6.44
-0.00326    0.10    6.44
-0.00325    0.10    6.44
-0.00324    0.12    6.48
-0.00323    0.10    6.48
-0.00322    0.10    6.48
-0.00321    0.10    6.48
-0.00320    0.12    6.48
-0.00319    0.10    6.44
-0.00318    0.10    6.48
-0.00317    0.12    6.44
-0.00316    0.10    6.44
-0.00315    0.10    6.44
-0.00314    0.16    6.44
-0.00313    0.08    6.44
-0.00312    0.10    6.44
-0.00311    0.10    6.48
-0.00310    0.10    6.48
-0.00309    0.12    6.44
-0.00308    0.10    6.44
-0.00307    0.10    6.48
-0.00306    0.12    6.44
-0.00305    0.12    6.44
-0.00304    0.12    6.44
-0.00303    0.10    6.44
-0.00302    0.10    6.44
-0.00301    0.12    6.44
-0.00300    0.10    6.48
-0.00299    0.10    6.44
-0.00298    0.10    6.44
-0.00297    0.12    6.48
-0.00296    0.12    6.48
-0.00295    0.10    6.44
-0.00294    0.12    6.44
-0.00293    0.12    6.48
-0.00292    0.10    6.48
-0.00291    0.10    6.44
-0.00290    0.10    6.44
-0.00289    0.10    6.44
-0.00288    0.10    6.44
-0.00287    0.12    6.48
-0.00286    0.10    6.48
-0.00285    0.10    6.44
-0.00284    0.12    6.44
-0.00283    0.10    6.48
-0.00282    0.10    6.44
-0.00281    0.10    6.44
-0.00280    0.10    6.44
-0.00279    0.12    6.44
-0.00278    0.10    6.48
-0.00277    0.10    6.44
-0.00276    0.10    6.40
-0.00275    0.12    6.48
-0.00274    0.10    6.48
-0.00273    0.10    6.44
-0.00272    0.10    6.44
-0.00271    0.10    6.44
-0.00270    0.10    6.44
-0.00269    0.10    6.44
-0.00268    0.10    6.48
-0.00267    0.10    6.44
-0.00266    0.10    6.44
-0.00265    0.12    6.48
-0.00264    0.10    6.44
-0.00263    0.10    6.44
-0.00262    0.10    6.48
-0.00261    0.10    6.44
-0.00260    0.12    6.44
-0.00259    0.10    6.44
-0.00258    0.10    6.44
-0.00257    0.10    6.48
-0.00256    0.08    6.48
-0.00255    0.10    6.44
-0.00254    0.10    6.44
-0.00253    0.12    6.44
-0.00252    0.10    6.48
-0.00251    0.12    6.48
-0.00250    0.12    6.48
-0.00249    0.10    6.44
-0.00248    0.10    6.48
-0.00247    0.12    6.44
-0.00246    0.12    6.44
-0.00245    0.10    6.44
-0.00244    0.10    6.48
-0.00243    0.10    6.48
-0.00242    0.12    6.48
-0.00241    0.10    6.44
-0.00240    0.10    6.44
-0.00239    0.10    6.44
-0.00238    0.10    6.44
-0.00237    0.10    6.48
-0.00236    0.10    6.44
-0.00235    0.10    6.44
-0.00234    0.12    6.44
-0.00233    0.12    6.44
-0.00232    0.10    6.44
-0.00231    0.12    6.48
-0.00230    0.10    6.48
-0.00229    0.10    6.44
-0.00228    0.12    6.44
-0.00227    0.10    6.44
-0.00226    0.12    6.44
-0.00225    0.10    6.44
-0.00224    0.10    6.48
-0.00223    0.10    6.48
-0.00222    0.10    6.44
-0.00221    0.12    6.48
-0.00220    0.10    6.44
-0.00219    0.10    6.44
-0.00218    0.10    6.44
-0.00217    0.10    6.44
-0.00216    0.10    6.44
-0.00215    0.10    6.44
-0.00214    0.12    6.44
-0.00213    0.10    6.44
-0.00212    0.10    6.44
-0.00211    0.10    6.48
-0.00210    0.12    6.44
-0.00209    0.10    6.44
-0.00208    0.12    6.44
-0.00207    0.12    6.44
-0.00206    0.12    6.44
-0.00205    0.10    6.48
-0.00204    0.10    6.44
-0.00203    0.10    6.48
-0.00202    0.10    6.48
-0.00201    0.10    6.44
-0.00200    0.10    6.44
-0.00199    0.10    6.48
-0.00198    0.12    6.44
-0.00197    0.10    6.44
-0.00196    0.12    6.44
-0.00195    0.10    6.44
-0.00194    0.12    6.44
-0.00193    0.12    6.44
-0.00192    0.10    6.48
-0.00191    0.10    6.44
-0.00190    0.10    6.48
-0.00189    0.10    6.48
-0.00188    0.10    6.44
-0.00187    0.10    6.44
-0.00186    0.10    6.44
-0.00185    0.10    6.48
-0.00184    0.10    6.44
-0.00183    0.10    6.44
-0.00182    0.10    6.48
-0.00181    0.10    6.44
-0.00180    0.10    6.44
-0.00179    0.08    6.44
-0.00178    0.20    6.48
-0.00177    0.12    6.48
-0.00176    0.10    6.44
-0.00175    0.10    6.44
-0.00174    0.08    6.44
-0.00173    0.10    6.44
-0.00172    0.10    6.44
-0.00171    0.12    6.44
-0.00170    0.10    6.44
-0.00169    0.10    6.44
-0.00168    0.10    6.44
-0.00167    0.12    6.48
-0.00166    0.10    6.44
-0.00165    0.10    6.48
-0.00164    0.12    6.48
-0.00163    0.12    6.44
-0.00162    0.12    6.44
-0.00161    0.10    6.44
-0.00160    0.12    6.44
-0.00159    0.10    6.48
-0.00158    0.10    6.44
-0.00157    0.12    6.44
-0.00156    0.12    6.44
-0.00155    0.10    6.44
-0.00154    0.12    6.44
-0.00153    0.12    6.44
-0.00152    0.10    6.44
-0.00151    0.10    6.44
-0.00150    0.10    6.44
-0.00149    0.10    6.44
-0.00148    0.10    6.44
-0.00147    0.10    6.44
-0.00146    0.10    6.48
-0.00145    0.10    6.44
-0.00144    0.10    6.44
-0.00143    0.10    6.44
-0.00142    0.10    6.44
-0.00141    0.10    6.44
-0.00140    0.10    6.44
-0.00139    0.10    6.44
-0.00138    0.10    6.44
-0.00137    0.10    6.44
-0.00136    0.10    6.44
-0.00135    0.12    6.44
-0.00134    0.12    6.44
-0.00133    0.10    6.48
-0.00132    0.10    6.44
-0.00131    0.10    6.48
-0.00130    0.10    6.44
-0.00129    0.06    6.44
-0.00128    0.10    6.44
-0.00127    0.10    6.48
-0.00126    0.10    6.44
-0.00125    0.10    6.48
-0.00124    0.10    6.44
-0.00123    0.10    6.44
-0.00122    0.10    6.44
-0.00121    0.10    6.44
-0.00120    0.12    6.44
-0.00119    0.12    6.48
-0.00118    0.14    6.44
-0.00117    0.10    6.44
-0.00116    0.10    6.44
-0.00115    0.12    6.44
-0.00114    0.10    6.44
-0.00113    0.10    6.44
-0.00112    0.10    6.48
-0.00111    0.10    6.48
-0.00110    0.12    6.48
-0.00109    0.10    6.48
-0.00108    0.10    6.44
-0.00107    0.08    6.44
-0.00106    0.12    6.48
-0.00105    0.10    6.48
-0.00104    0.10    6.48
-0.00103    0.12    6.44
-0.00102    0.12    6.44
-0.00101    0.08    6.44
-0.00100    0.10    6.48
-0.00099    0.10    6.48
-0.00098    0.10    6.44
-0.00097    0.10    6.44
-0.00096    0.10    6.44
-0.00095    0.10    6.44
-0.00094    0.10    6.48
-0.00093    0.10    6.44
-0.00092    0.10    6.48
-0.00091    0.10    6.44
-0.00090    0.10    6.44
-0.00089    0.10    6.44
-0.00088    0.10    6.44
-0.00087    0.10    6.44
-0.00086    0.10    6.44
-0.00085    0.10    6.44
-0.00084    0.10    6.44
-0.00083    0.10    6.44
-0.00082    0.10    6.44
-0.00081    0.16    6.44
-0.00080    0.12    6.44
-0.00079    0.10    6.44
-0.00078    0.10    6.44
-0.00077    0.10    6.48
-0.00076    0.10    6.44
-0.00075    0.10    6.44
-0.00074    0.10    6.44
-0.00073    0.10    6.44
-0.00072    0.10    6.44
-0.00071    0.10    6.48
-0.00070    0.10    6.44
-0.00069    0.08    6.48
-0.00068    0.08    6.48
-0.00067    0.12    6.44
-0.00066    0.10    6.44
-0.00065    0.10    6.48
-0.00064    0.10    6.44
-0.00063    0.10    6.44
-0.00062    0.16    6.44
-0.00061    0.10    6.44
-0.00060    0.12    6.44
-0.00059    0.10    6.48
-0.00058    0.10    6.44
-0.00057    0.12    6.48
-0.00056    0.12    6.48
-0.00055    0.08    6.44
-0.00054    0.10    6.48
-0.00053    0.10    6.44
-0.00052    0.10    6.44
-0.00051    0.10    6.44
-0.00050    0.10    6.44
-0.00049    0.10    6.44
-0.00048    0.10    6.44
-0.00047    0.10    6.44
-0.00046    0.10    6.44
-0.00045    0.10    6.44
-0.00044    0.10    6.48
-0.00043    0.12    6.44
-0.00042    0.10    6.44
-0.00041    0.10    6.44
-0.00040    0.10    6.44
-0.00039    0.10    6.44
-0.00038    0.10    6.48
-0.00037    0.10    6.44
-0.00036    0.06    6.44
-0.00035    0.10    6.44
-0.00034    0.10    6.44
-0.00033    0.10    6.44
-0.00032    0.10    6.44
-0.00031    0.10    6.44
-0.00030    0.10    6.44
-0.00029    0.10    6.44
-0.00028    0.10    6.44
-0.00027    0.10    6.44
-0.00026    0.12    6.44
-0.00025    0.12    6.44
-0.00024    0.08    6.44
-0.00023    0.12    6.44
-0.00022    0.10    6.44
-0.00021    0.10    6.44
-0.00020    0.10    6.48
-0.00019    0.10    6.48
-0.00018    0.10    6.44
-0.00017    0.08    6.48
-0.00016    0.12    6.44
-0.00015    0.10    6.44
-0.00014    0.10    6.48
-0.00013    0.12    6.44
-0.00012    0.10    6.48
-0.00011    0.12    6.48
-0.00010    0.12    6.48
-0.00009    0.10    6.44
-0.00008    0.10    6.44
-0.00007    0.10    6.48
-0.00006    0.10    6.44
-0.00005    0.10    6.44
-0.00004    0.08    6.48
-0.00003    0.10    6.44
-0.00002    0.10    6.44
-0.00001    0.10    6.44
00.00000    4.34    6.48
00.00001    4.34    6.44
00.00002    4.34    6.44
00.00003    4.34    6.48
00.00004    4.34    6.44
00.00005    4.34    6.48
00.00006    4.34    6.48
00.00007    4.34    6.48
00.00008    4.34    6.44
00.00009    4.34    6.48
00.00010    4.34    6.44
00.00011    4.34    6.48
00.00012    4.34    6.44
00.00013    4.34    6.48
00.00014    4.34    6.44
00.00015    4.34    6.48
00.00016    4.34    6.44
00.00017    4.34    6.44
00.00018    4.34    6.44
00.00019    4.34    6.48
00.00020    4.34    6.48
00.00021    4.34    6.48
00.00022    4.34    6.48
00.00023    4.34    6.44
00.00024    4.34    6.48
00.00025    4.34    6.44
00.00026    4.34    6.44
00.00027    4.34    6.48
00.00028    4.34    6.48
00.00029    4.34    6.44
00.00030    4.34    6.44
00.00031    4.34    6.48
00.00032    4.34    6.48
00.00033    4.34    6.48
00.00034    4.34    6.44
00.00035    4.34    6.44
00.00036    4.34    6.48
00.00037    4.34    6.44
00.00038    4.34    6.48
00.00039    4.34    6.48
00.00040    4.34    6.48
00.00041    4.34    6.48
00.00042    4.34    6.48
00.00043    4.34    6.48
00.00044    4.34    6.44
00.00045    4.34    6.48
00.00046    4.34    6.44
00.00047    4.34    6.44
00.00048    4.34    6.44
00.00049    4.34    6.44
00.00050    4.34    6.48
00.00051    4.34    6.48
00.00052    4.34    6.44
00.00053    4.34    6.48
00.00054    4.34    6.44
00.00055    4.34    6.44
00.00056    4.34    6.44
00.00057    4.34    6.44
00.00058    4.34    6.44
00.00059    4.34    6.44
00.00060    4.34    6.48
00.00061    4.34    6.48
00.00062    4.34    6.48
00.00063    4.34    6.44
00.00064    4.34    6.48
00.00065    4.34    6.44
00.00066    4.34    6.48
00.00067    4.34    6.44
00.00068    4.34    6.48
00.00069    4.34    6.44
00.00070    4.34    6.48
00.00071    4.34    6.44
00.00072    4.34    6.48
00.00073    4.34    6.44
00.00074    4.34    6.44
00.00075    4.34    6.44
00.00076    4.34    6.44
00.00077    4.34    6.44
00.00078    4.34    6.44
00.00079    4.34    6.48
00.00080    4.34    6.44
00.00081    4.34    6.48
00.00082    4.34    6.44
00.00083    4.34    6.44
00.00084    4.34    6.48
00.00085    4.34    6.48
00.00086    4.34    6.44
00.00087    4.34    6.44
00.00088    4.34    6.48
00.00089    4.34    6.44
00.00090    4.34    6.44
00.00091    4.34    6.44
00.00092    4.34    6.48
00.00093    4.34    6.48
00.00094    4.34    6.44
00.00095    4.34    6.48
00.00096    4.34    6.48
00.00097    4.34    6.44
00.00098    4.34    6.48
00.00099    4.34    6.48
00.00100    4.34    6.48
00.00101    4.34    6.48
00.00102    4.34    6.48
00.00103    4.34    6.48
00.00104    4.34    6.44
00.00105    4.34    6.44
00.00106    4.34    6.48
00.00107    4.34    6.48
00.00108    4.34    6.44
00.00109    4.34    6.44
00.00110    4.34    6.48
00.00111    4.34    6.44
00.00112    4.34    6.44
00.00113    4.34    6.44
00.00114    4.34    6.48
00.00115    4.34    6.44
00.00116    4.34    6.44
00.00117    4.34    6.44
00.00118    4.34    6.48
00.00119    4.34    6.44
00.00120    4.34    6.48
00.00121    4.34    6.44
00.00122    4.34    6.48
00.00123    4.34    6.48
00.00124    4.34    6.48
00.00125    4.34    6.48
00.00126    4.34    6.48
00.00127    4.34    6.48
00.00128    4.34    6.44
00.00129    4.34    6.44
00.00130    4.34    6.44
00.00131    4.34    6.44
00.00132    4.34    6.44
00.00133    4.34    6.44
00.00134    4.34    6.48
00.00135    4.34    6.48
00.00136    4.34    6.44
00.00137    4.34    6.48
00.00138    4.34    6.48
00.00139    4.34    6.48
00.00140    4.34    6.48
00.00141    4.34    6.48
00.00142    4.34    6.44
00.00143    4.34    6.48
00.00144    4.34    6.48
00.00145    4.34    6.48
00.00146    4.34    6.48
00.00147    4.34    6.48
00.00148    4.34    6.44
00.00149    4.34    6.48
00.00150    4.34    6.44
00.00151    4.34    6.48
00.00152    4.34    6.48
00.00153    4.34    6.48
00.00154    4.34    6.48
00.00155    4.34    6.48
00.00156    4.34    6.48
00.00157    4.34    6.48
00.00158    4.34    6.48
00.00159    4.34    6.48
00.00160    4.34    6.44
00.00161    4.34    6.44
00.00162    4.34    6.48
00.00163    4.34    6.48
00.00164    4.34    6.44
00.00165    4.34    6.48
00.00166    4.34    6.44
00.00167    4.34    6.48
00.00168    4.34    6.44
00.00169    4.34    6.44
00.00170    4.34    6.48
00.00171    4.34    6.48
00.00172    4.34    6.48
00.00173    4.34    6.44
00.00174    4.34    6.44
00.00175    4.34    6.44
00.00176    4.34    6.48
00.00177    4.34    6.48
00.00178    4.34    6.44
00.00179    4.34    6.48
00.00180    4.34    6.48
00.00181    4.34    6.48
00.00182    4.34    6.48
00.00183    4.34    6.48
00.00184    4.34    6.48
00.00185    4.34    6.48
00.00186    4.34    6.44
00.00187    4.34    6.44
00.00188    4.34    6.48
00.00189    4.34    6.48
00.00190    4.34    6.44
00.00191    4.34    6.44
00.00192    4.34    6.48
00.00193    4.34    6.44
00.00194    4.34    6.48
00.00195    4.34    6.48
00.00196    4.34    6.48
00.00197    4.34    6.48
00.00198    4.34    6.48
00.00199    4.34    6.48
00.00200    4.34    6.48
00.00201    4.34    6.44
00.00202    4.34    6.48
00.00203    4.34    6.48
00.00204    4.34    6.48
00.00205    4.34    6.48
00.00206    4.34    6.48
00.00207    4.34    6.44
00.00208    4.34    6.44
00.00209    4.34    6.44
00.00210    4.34    6.48
00.00211    4.34    6.48
00.00212    4.34    6.48
00.00213    4.34    6.48
00.00214    4.34    6.48
00.00215    4.34    6.48
00.00216    4.34    6.48
00.00217    4.34    6.44
00.00218    4.34    6.48
00.00219    4.34    6.48
00.00220    4.34    6.48
00.00221    4.34    6.48
00.00222    4.34    6.48
00.00223    4.34    6.48
00.00224    4.34    6.48
00.00225    4.34    6.44
00.00226    4.34    6.44
00.00227    4.34    6.48
00.00228    4.34    6.48
00.00229    4.34    6.48
00.00230    4.34    6.48
00.00231    4.34    6.48
00.00232    4.34    6.48
00.00233    4.34    6.48
00.00234    4.34    6.48
00.00235    4.34    6.48
00.00236    4.34    6.44
00.00237    4.34    6.44
00.00238    4.34    6.48
00.00239    4.34    6.44
00.00240    4.34    6.44
00.00241    4.34    6.48
00.00242    4.34    6.48
00.00243    4.34    6.48
00.00244    4.34    6.48
00.00245    4.34    6.48
00.00246    4.34    6.48
00.00247    4.34    6.44
00.00248    4.34    6.44
00.00249    4.34    6.44
00.00250    4.34    6.48
00.00251    4.34    6.48
00.00252    4.34    6.48
00.00253    4.34    6.48
00.00254    4.34    6.48
00.00255    4.34    6.44
00.00256    4.34    6.44
00.00257    4.34    6.44
00.00258    4.34    6.48
00.00259    4.34    6.48
00.00260    4.34    6.44
00.00261    4.34    6.48
00.00262    4.34    6.44
00.00263    4.34    6.48
00.00264    4.34    6.44
00.00265    4.34    6.48
00.00266    4.34    6.48
00.00267    4.34    6.48
00.00268    4.34    6.44
00.00269    4.34    6.48
00.00270    4.34    6.44
00.00271    4.34    6.44
00.00272    4.34    6.44
00.00273    4.34    6.44
00.00274    4.34    6.48
00.00275    4.34    6.48
00.00276    4.34    6.48
00.00277    4.34    6.48
00.00278    4.34    6.48
00.00279    4.34    6.44
00.00280    4.34    6.48
00.00281    4.34    6.44
00.00282    4.34    6.48
00.00283    4.34    6.44
00.00284    4.34    6.44
00.00285    4.34    6.44
00.00286    4.34    6.48
00.00287    4.34    6.48
00.00288    4.34    6.48
00.00289    4.34    6.48
00.00290    4.34    6.48
00.00291    4.34    6.44
00.00292    4.34    6.48
00.00293    4.34    6.44
00.00294    4.34    6.48
00.00295    4.34    6.48
00.00296    4.34    6.44
00.00297    4.34    6.48
00.00298    4.34    6.48
00.00299    4.34    6.48
00.00300    4.34    6.44
00.00301    4.34    6.48
00.00302    4.34    6.48
00.00303    4.34    6.48
00.00304    4.34    6.44
00.00305    4.34    6.48
00.00306    4.34    6.48
00.00307    4.34    6.48
00.00308    4.34    6.44
00.00309    4.34    6.44
00.00310    4.34    6.44
00.00311    4.34    6.48
00.00312    4.34    6.48
00.00313    4.34    6.48
00.00314    4.34    6.48
00.00315    4.34    6.48
00.00316    4.34    6.48
00.00317    4.34    6.48
00.00318    4.34    6.48
00.00319    4.34    6.44
00.00320    4.34    6.48
00.00321    4.34    6.44
00.00322    4.34    6.48
00.00323    4.34    6.44
00.00324    4.34    6.44
00.00325    4.34    6.48
00.00326    4.34    6.44
00.00327    4.34    6.44
00.00328    4.34    6.48
00.00329    4.34    6.48
00.00330    4.34    6.48
00.00331    4.34    6.44
00.00332    4.34    6.44
00.00333    4.34    6.48
00.00334    4.34    6.48
00.00335    4.34    6.48
00.00336    4.34    6.48
00.00337    4.34    6.48
00.00338    4.34    6.44
00.00339    4.34    6.48
00.00340    4.34    6.48
00.00341    4.34    6.48
00.00342    4.34    6.48
00.00343    4.34    6.48
00.00344    4.34    6.48
00.00345    4.34    6.48
00.00346    4.34    6.52
00.00347    4.34    6.48
00.00348    4.34    6.44
00.00349    4.34    6.44
00.00350    4.34    6.48
00.00351    4.34    6.44
00.00352    4.34    6.48
00.00353    4.34    6.44
00.00354    4.34    6.48
00.00355    4.34    6.48
00.00356    4.34    6.44
00.00357    4.34    6.44
00.00358    4.34    6.48
00.00359    4.34    6.44
00.00360    4.34    6.44
00.00361    4.34    6.44
00.00362    4.34    6.44
00.00363    4.34    6.44
00.00364    4.34    6.44
00.00365    4.34    6.48
00.00366    4.34    6.48
00.00367    4.34    6.44
00.00368    4.34    6.48
00.00369    4.34    6.48
00.00370    4.34    6.48
00.00371    4.34    6.44
00.00372    4.34    6.48
00.00373    4.34    6.44
00.00374    4.34    6.48
00.00375    4.34    6.48
00.00376    4.34    6.48
00.00377    4.34    6.44
00.00378    4.34    6.48
00.00379    4.34    6.44
00.00380    4.34    6.48
00.00381    4.34    6.48
00.00382    4.34    6.48
00.00383    4.34    6.48
00.00384    4.34    6.48
00.00385    4.34    6.48
00.00386    4.34    6.48
00.00387    4.34    6.48
00.00388    4.34    6.44
00.00389    4.34    6.48
00.00390    4.34    6.48
00.00391    4.34    6.48
00.00392    4.34    6.44
00.00393    4.34    6.44
00.00394    4.34    6.48
00.00395    4.34    6.44
00.00396    4.34    6.44
00.00397    4.34    6.44
00.00398    4.34    6.48
00.00399    4.34    6.48
00.00400    4.34    6.48
00.00401    4.34    6.44
00.00402    4.34    6.48
00.00403    4.34    6.44
00.00404    4.34    6.44
00.00405    4.34    6.48
00.00406    4.34    6.44
00.00407    4.34    6.44
00.00408    4.34    6.44
00.00409    4.34    6.44
00.00410    4.34    6.48
00.00411    4.34    6.44
00.00412    4.34    6.48
00.00413    4.34    6.44
00.00414    4.34    6.48
00.00415    4.34    6.48
00.00416    4.34    6.48
00.00417    4.34    6.44
00.00418    4.34    6.48
00.00419    4.34    6.44
00.00420    4.34    6.48
00.00421    4.34    6.48
00.00422    4.34    6.44
00.00423    4.34    6.48
00.00424    4.34    6.48
00.00425    4.34    6.44
00.00426    4.34    6.48
00.00427    4.34    6.44
00.00428    4.34    6.44
00.00429    4.34    6.44
00.00430    4.34    6.44
00.00431    4.34    6.44
00.00432    4.34    6.44
00.00433    4.34    6.48
00.00434    4.34    6.48
00.00435    4.34    6.48
00.00436    4.34    6.48
00.00437    4.34    6.48
00.00438    4.34    6.44
00.00439    4.34    6.48
00.00440    4.34    6.48
00.00441    4.34    6.44
00.00442    4.34    6.44
00.00443    4.34    6.52
00.00444    4.34    6.44
00.00445    4.34    6.48
00.00446    4.34    6.48
00.00447    4.34    6.48
00.00448    4.34    6.44
00.00449    4.34    6.44
00.00450    4.34    6.44
00.00451    4.34    6.44
00.00452    4.34    6.48
00.00453    4.34    6.44
00.00454    4.34    6.44
00.00455    4.34    6.44
00.00456    4.34    6.48
00.00457    4.34    6.44
00.00458    4.34    6.48
00.00459    4.34    6.48
00.00460    4.34    6.44
00.00461    4.34    6.44
00.00462    4.34    6.48
00.00463    4.34    6.48
00.00464    4.34    6.48
00.00465    4.34    6.44
00.00466    4.34    6.48
00.00467    4.34    6.48
00.00468    4.34    6.48
00.00469    4.34    6.44
00.00470    4.34    6.48
00.00471    4.34    6.48
00.00472    4.34    6.44
00.00473    4.34    6.48
00.00474    4.34    6.48
00.00475    4.34    6.48
00.00476    4.34    6.44
00.00477    4.34    6.48
00.00478    4.34    6.48
00.00479    4.34    6.44
00.00480    4.34    6.48
00.00481    4.34    6.48
00.00482    4.34    6.48
00.00483    4.34    6.48
00.00484    4.34    6.48
00.00485    4.34    6.48
00.00486    4.34    6.44
00.00487    4.34    6.48
00.00488    4.34    6.48
00.00489    4.34    6.48
00.00490    4.34    6.48
00.00491    4.34    6.48
00.00492    4.34    6.48
00.00493    4.34    6.44
00.00494    4.34    6.48
00.00495    4.34    6.44
00.00496    4.34    6.44
00.00497    4.34    6.44
00.00498    4.34    6.44
00.00499    4.34    6.48
00.00500    4.34    6.48
00.00501    4.34    6.44
00.00502    4.34    6.48
00.00503    4.34    6.48
00.00504    4.34    6.48
00.00505    4.34    6.48
00.00506    4.34    6.48
00.00507    4.34    6.44
00.00508    4.34    6.44
00.00509    4.34    6.48
00.00510    4.34    6.48
00.00511    4.34    6.44
00.00512    4.34    6.48
00.00513    4.34    6.48
00.00514    4.34    6.44
00.00515    4.34    6.44
00.00516    4.34    6.44
00.00517    4.34    6.48
00.00518    4.34    6.44
00.00519    4.34    6.44
00.00520    4.34    6.48
00.00521    4.34    6.48
00.00522    4.34    6.48
00.00523    4.34    6.48
00.00524    4.34    6.48
00.00525    4.34    6.44
00.00526    4.34    6.48
00.00527    4.34    6.44
00.00528    4.34    6.44
00.00529    4.34    6.44
00.00530    4.34    6.44
00.00531    4.34    6.48
00.00532    4.34    6.48
00.00533    4.34    6.48
00.00534    4.34    6.48
00.00535    4.34    6.44
00.00536    4.34    6.48
00.00537    4.34    6.44
00.00538    4.34    6.48
00.00539    4.34    6.44
00.00540    4.34    6.44
00.00541    4.34    6.48
00.00542    4.34    6.44
00.00543    4.34    6.44
00.00544    4.34    6.44
00.00545    4.34    6.48
00.00546    4.34    6.44
00.00547    4.34    6.44
00.00548    4.34    6.48
00.00549    4.34    6.48
00.00550    4.34    6.48
00.00551    4.34    6.48
00.00552    4.34    6.48
00.00553    4.34    6.44
00.00554    4.34    6.44
00.00555    4.34    6.44
00.00556    4.34    6.48
00.00557    4.34    6.48
00.00558    4.34    6.48
00.00559    4.34    6.48
00.00560    4.34    6.48
00.00561    4.34    6.48
00.00562    4.34    6.48
00.00563    4.34    6.48
00.00564    4.34    6.48
00.00565    4.34    6.44
00.00566    4.34    6.44
00.00567    4.34    6.48
00.00568    4.34    6.48
00.00569    4.34    6.44
00.00570    4.34    6.48
00.00571    4.34    6.48
00.00572    4.34    6.48
00.00573    4.34    6.44
00.00574    4.34    6.48
00.00575    4.34    6.48
00.00576    4.34    6.48
00.00577    4.34    6.44
00.00578    4.34    6.44
00.00579    4.34    6.44
00.00580    4.34    6.48
00.00581    4.34    6.44
00.00582    4.34    6.48
00.00583    4.34    6.44
00.00584    4.34    6.48
00.00585    4.34    6.44
00.00586    4.34    6.44
00.00587    4.34    6.44
00.00588    4.34    6.44
00.00589    4.34    6.48
00.00590    4.34    6.48
00.00591    4.34    6.44
00.00592    4.34    6.44
00.00593    4.34    6.44
00.00594    4.34    6.48
00.00595    4.34    6.48
00.00596    4.34    6.48
00.00597    4.34    6.48
00.00598    4.34    6.44
00.00599    4.34    6.48
00.00600    4.34    6.44
00.00601    4.34    6.44
00.00602    4.34    6.44
00.00603    4.34    6.44
00.00604    4.34    6.44
00.00605    4.34    6.48
00.00606    4.34    6.48
00.00607    4.34    6.44
00.00608    4.34    6.48
00.00609    4.34    6.44
00.00610    4.34    6.44
00.00611    4.34    6.44
00.00612    4.34    6.48
00.00613    4.34    6.44
00.00614    4.34    6.44
00.00615    4.34    6.44
00.00616    4.34    6.44
00.00617    4.34    6.48
00.00618    4.34    6.44
00.00619    4.34    6.44
00.00620    4.34    6.48
00.00621    4.34    6.44
00.00622    4.34    6.48
00.00623    4.34    6.48
00.00624    4.34    6.44
00.00625    4.34    6.48
00.00626    4.34    6.44
00.00627    4.34    6.48
00.00628    4.34    6.48
00.00629    4.34    6.44
00.00630    4.34    6.44
00.00631    4.34    6.48
00.00632    4.34    6.44
00.00633    4.34    6.48
00.00634    4.34    6.44
00.00635    4.34    6.48
00.00636    4.34    6.48
00.00637    4.34    6.44
00.00638    4.34    6.44
00.00639    4.34    6.44
00.00640    4.34    6.44
00.00641    4.34    6.48
00.00642    4.34    6.44
00.00643    4.34    6.44
00.00644    4.34    6.44
00.00645    4.34    6.48
00.00646    4.34    6.48
00.00647    4.34    6.48
00.00648    4.34    6.48
00.00649    4.34    6.44
00.00650    4.34    6.44
00.00651    4.34    6.44
00.00652    4.34    6.48
00.00653    4.34    6.44
00.00654    4.34    6.48
00.00655    4.34    6.44
00.00656    4.34    6.48
00.00657    4.34    6.48
00.00658    4.34    6.48
00.00659    4.34    6.44
00.00660    4.34    6.48
00.00661    4.34    6.44
00.00662    4.34    6.44
00.00663    4.34    6.44
00.00664    4.34    6.44
00.00665    4.34    6.48
00.00666    4.34    6.48
00.00667    4.34    6.48
00.00668    4.34    6.48
00.00669    4.34    6.48
00.00670    4.34    6.48
00.00671    4.34    6.48
00.00672    4.34    6.44
00.00673    4.34    6.44
00.00674    4.34    6.44
00.00675    4.34    6.48
00.00676    4.34    6.48
00.00677    4.34    6.48
00.00678    4.34    6.48
00.00679    4.34    6.48
00.00680    4.34    6.48
00.00681    4.34    6.48
00.00682    4.34    6.48
00.00683    4.34    6.48
00.00684    4.34    6.44
00.00685    4.34    6.48
00.00686    4.34    6.48
00.00687    4.34    6.48
00.00688    4.34    6.44
00.00689    4.34    6.48
00.00690    4.34    6.48
00.00691    4.34    6.48
00.00692    4.34    6.48
00.00693    4.34    6.44
00.00694    4.34    6.48
00.00695    4.34    6.52
00.00696    4.34    6.48
00.00697    4.34    6.48
00.00698    4.34    6.48
00.00699    4.34    6.48
00.00700    4.34    6.48
00.00701    4.34    6.48
00.00702    4.34    6.48
00.00703    4.34    6.48
00.00704    4.34    6.48
00.00705    4.34    6.48
00.00706    4.34    6.48
00.00707    4.34    6.48
00.00708    4.34    6.48
00.00709    4.34    6.48
00.00710    4.34    6.48
00.00711    4.34    6.48
00.00712    4.34    6.44
00.00713    4.34    6.48
00.00714    4.34    6.48
00.00715    4.34    6.48
00.00716    4.34    6.48
00.00717    4.34    6.48
00.00718    4.34    6.48
00.00719    4.34    6.48
00.00720    4.34    6.48
00.00721    4.34    6.48
00.00722    4.34    6.44
00.00723    4.34    6.48
00.00724    4.34    6.44
00.00725    4.34    6.48
00.00726    4.34    6.48
00.00727    4.34    6.48
00.00728    4.34    6.48
00.00729    4.34    6.48
00.00730    4.34    6.48
00.00731    4.34    6.48
00.00732    4.34    6.48
00.00733    4.34    6.48
00.00734    4.34    6.48
00.00735    4.34    6.48
00.00736    4.34    6.48
00.00737    4.34    6.48
00.00738    4.34    6.48
00.00739    4.34    6.48
00.00740    4.34    6.48
00.00741    4.34    6.48
00.00742    4.34    6.48
00.00743    4.34    6.48
00.00744    4.34    6.48
00.00745    4.34    6.48
00.00746    4.34    6.44
00.00747    4.34    6.48
00.00748    4.34    6.48
00.00749    4.34    6.48
00.00750    4.34    6.48
00.00751    4.34    6.48
00.00752    4.34    6.48
00.00753    4.34    6.48
00.00754    4.34    6.48
00.00755    4.34    6.48
00.00756    4.34    6.48
00.00757    4.34    6.48
00.00758    4.34    6.48
00.00759    4.34    6.48
00.00760    4.34    6.48
00.00761    4.34    6.48
00.00762    4.34    6.48
00.00763    4.34    6.48
00.00764    4.34    6.48
00.00765    4.34    6.48
00.00766    4.34    6.48
00.00767    4.34    6.48
00.00768    4.34    6.48
00.00769    4.34    6.52
00.00770    4.34    6.48
00.00771    4.34    6.48
00.00772    4.34    6.48
00.00773    4.34    6.48
00.00774    4.34    6.48
00.00775    4.34    6.48
00.00776    4.34    6.48
00.00777    4.34    6.48
00.00778    4.34    6.48
00.00779    4.34    6.48
00.00780    4.34    6.52
00.00781    4.34    6.52
00.00782    4.34    6.48
00.00783    4.34    6.48
00.00784    4.34    6.48
00.00785    4.34    6.48
00.00786    4.34    6.48
00.00787    4.34    6.48
00.00788    4.34    6.52
00.00789    4.34    6.48
00.00790    4.34    6.48
00.00791    4.34    6.52
00.00792    4.34    6.52
00.00793    4.34    6.48
00.00794    4.34    6.48
00.00795    4.34    6.48
00.00796    4.34    6.48
00.00797    4.34    6.48
00.00798    4.34    6.48
00.00799    4.34    6.48
00.00800    4.34    6.48
00.00801    4.34    6.52
00.00802    4.34    6.52
00.00803    4.34    6.52
00.00804    4.34    6.52
00.00805    4.34    6.52
00.00806    4.34    6.52
00.00807    4.34    6.48
00.00808    4.34    6.52
00.00809    4.34    6.52
00.00810    4.34    6.48
00.00811    4.34    6.52
00.00812    4.34    6.48
00.00813    4.34    6.52
00.00814    4.34    6.48
00.00815    4.34    6.48
00.00816    4.34    6.48
00.00817    4.34    6.52
00.00818    4.34    6.48
00.00819    4.34    6.48
00.00820    4.34    6.52
00.00821    4.34    6.52
00.00822    4.34    6.52
00.00823    4.34    6.52
00.00824    4.34    6.48
00.00825    4.34    6.52
00.00826    4.34    6.48
00.00827    4.34    6.48
00.00828    4.34    6.52
00.00829    4.34    6.52
00.00830    4.34    6.52
00.00831    4.34    6.52
00.00832    4.34    6.52
00.00833    4.34    6.52
00.00834    4.34    6.52
00.00835    4.34    6.52
00.00836    4.34    6.52
00.00837    4.34    6.52
00.00838    4.34    6.52
00.00839    4.34    6.52
00.00840    4.34    6.52
00.00841    4.34    6.52
00.00842    4.34    6.52
00.00843    4.34    6.52
00.00844    4.34    6.48
00.00845    4.34    6.52
00.00846    4.34    6.52
00.00847    4.34    6.52
00.00848    4.34    6.48
00.00849    4.34    6.52
00.00850    4.34    6.52
00.00851    4.34    6.48
00.00852    4.34    6.52
00.00853    4.34    6.52
00.00854    4.34    6.52
00.00855    4.34    6.52
00.00856    4.34    6.52
00.00857    4.34    6.52
00.00858    4.34    6.52
00.00859    4.34    6.52
00.00860    4.34    6.52
00.00861    4.34    6.52
00.00862    4.34    6.52
00.00863    4.34    6.52
00.00864    4.34    6.52
00.00865    4.34    6.52
00.00866    4.34    6.52
00.00867    4.34    6.52
00.00868    4.34    6.52
00.00869    4.34    6.52
00.00870    4.34    6.52
00.00871    4.34    6.52
00.00872    4.34    6.52
00.00873    4.34    6.52
00.00874    4.34    6.52
00.00875    4.34    6.52
00.00876    4.34    6.52
00.00877    4.34    6.52
00.00878    4.34    6.52
00.00879    4.34    6.52
00.00880    4.34    6.52
00.00881    4.34    6.52
00.00882    4.34    6.52
00.00883    4.34    6.52
00.00884    4.34    6.52
00.00885    4.34    6.52
00.00886    4.34    6.52
00.00887    4.34    6.52
00.00888    4.34    6.52
00.00889    4.34    6.48
00.00890    4.34    6.52
00.00891    4.34    6.52
00.00892    4.34    6.52
00.00893    4.34    6.52
00.00894    4.34    6.52
00.00895    4.34    6.52
00.00896    4.34    6.52
00.00897    4.34    6.52
00.00898    4.34    6.52
00.00899    4.34    6.52
00.00900    4.34    6.52
00.00901    4.34    6.52
00.00902    4.34    6.52
00.00903    4.34    6.52
00.00904    4.34    6.52
00.00905    4.34    6.52
00.00906    4.34    6.52
00.00907    4.34    6.52
00.00908    4.34    6.56
00.00909    4.34    6.52
00.00910    4.34    6.52
00.00911    4.34    6.52
00.00912    4.34    6.52
00.00913    4.34    6.52
00.00914    4.34    6.56
00.00915    4.34    6.52
00.00916    4.34    6.52
00.00917    4.34    6.52
00.00918    4.34    6.56
00.00919    4.34    6.52
00.00920    4.34    6.52
00.00921    4.34    6.52
00.00922    4.34    6.52
00.00923    4.34    6.52
00.00924    4.34    6.52
00.00925    4.34    6.52
00.00926    4.34    6.52
00.00927    4.34    6.52
00.00928    4.34    6.52
00.00929    4.34    6.52
00.00930    4.34    6.52
00.00931    4.34    6.52
00.00932    4.34    6.52
00.00933    4.34    6.52
00.00934    4.34    6.52
00.00935    4.34    6.52
00.00936    4.34    6.52
00.00937    4.34    6.52
00.00938    4.34    6.52
00.00939    4.34    6.52
00.00940    4.34    6.52
00.00941    4.34    6.52
00.00942    4.34    6.52
00.00943    4.34    6.52
00.00944    4.34    6.52
00.00945    4.34    6.60
00.00946    4.34    6.72
00.00947    4.34    6.96
00.00948    4.34    7.16
00.00949    4.34    7.44
00.00950    4.34    7.76
00.00951    4.34    8.04
00.00952    4.34    8.32
00.00953    4.34    8.60
00.00954    4.34    8.84
00.00955    4.34    9.08
00.00956    4.34    9.32
00.00957    4.34    9.64
00.00958    4.34    9.96
00.00959    4.34    10.24
00.00960    4.34    10.44
00.00961    4.34    10.48
00.00962    4.34    10.52
00.00963    4.34    10.52
00.00964    4.34    10.56
00.00965    4.34    10.52
00.00966    4.34    10.52
00.00967    4.34    10.52
00.00968    4.34    10.52
00.00969    4.34    10.52
00.00970    4.34    10.56
00.00971    4.34    10.56
00.00972    4.34    10.52
00.00973    4.34    10.56
00.00974    4.34    10.52
00.00975    4.34    10.56
00.00976    4.34    10.56
00.00977    4.34    10.56
00.00978    4.34    10.56
00.00979    4.34    10.52
00.00980    4.34    10.52
00.00981    4.34    10.52
00.00982    4.34    10.52
00.00983    4.34    10.52
00.00984    4.34    10.52
00.00985    4.34    10.52
00.00986    4.34    10.52
00.00987    4.34    10.48
00.00988    4.34    10.52
00.00989    4.34    10.44
00.00990    4.34    10.48
00.00991    4.34    10.44
00.00992    4.34    10.48
00.00993    4.34    10.44
00.00994    4.34    10.40
00.00995    4.34    10.36
00.00996    4.34    10.32
00.00997    4.34    10.28
00.00998    4.34    10.20
00.00999    4.34    10.08
00.01000    4.34    9.92
00.01001    4.34    9.76
00.01002    4.34    9.60
00.01003    4.34    9.44
00.01004    4.34    9.24
00.01005    4.34    9.08
00.01006    4.34    8.84
00.01007    4.34    8.64
00.01008    4.34    8.36
00.01009    4.34    8.16
00.01010    4.34    7.88
00.01011    4.34    7.64
00.01012    4.34    7.36
00.01013    4.34    7.08
00.01014    4.34    6.84
00.01015    4.34    6.60
00.01016    4.34    6.36
00.01017    4.34    6.12
00.01018    4.34    5.92
00.01019    4.34    5.76
00.01020    4.34    5.60
00.01021    4.34    5.52
00.01022    4.34    5.48
00.01023    4.34    5.44
00.01024    4.34    5.44
00.01025    4.34    5.40
00.01026    4.34    5.48
00.01027    4.34    5.52
00.01028    4.34    5.56
00.01029    4.34    5.64
00.01030    4.34    5.68
00.01031    4.34    5.76
00.01032    4.34    5.80
00.01033    4.34    5.88
00.01034    4.34    6.00
00.01035    4.34    6.12
00.01036    4.34    6.20
00.01037    4.34    6.32
00.01038    4.34    6.44
00.01039    4.34    6.56
00.01040    4.34    6.68
00.01041    4.34    6.84
00.01042    4.34    6.96
00.01043    4.34    7.08
00.01044    4.34    7.24
00.01045    4.34    7.40
00.01046    4.34    7.48
00.01047    4.34    7.60
00.01048    4.34    7.80
00.01049    4.34    7.92
00.01050    4.34    8.08
00.01051    4.34    8.20
00.01052    4.34    8.36
00.01053    4.34    8.48
00.01054    4.34    8.64
00.01055    4.34    8.76
00.01056    4.34    8.88
00.01057    4.34    9.00
00.01058    4.34    9.08
00.01059    4.34    9.16
00.01060    4.34    9.20
00.01061    4.34    9.24
00.01062    4.34    9.28
00.01063    4.34    9.32
00.01064    4.34    9.40
00.01065    4.34    9.40
00.01066    4.34    9.48
00.01067    4.34    9.48
00.01068    4.34    9.52
00.01069    4.34    9.56
00.01070    4.34    9.60
00.01071    4.34    9.60
00.01072    4.34    9.60
00.01073    4.34    9.60
00.01074    4.34    9.60
00.01075    4.34    9.60
00.01076    4.34    9.60
00.01077    4.34    9.60
00.01078    4.34    9.60
00.01079    4.34    9.60
00.01080    4.34    9.64
00.01081    4.34    9.68
00.01082    4.34    9.72
00.01083    4.34    9.76
00.01084    4.34    9.76
00.01085    4.34    9.80
00.01086    4.34    9.84
00.01087    4.34    9.88
00.01088    4.34    9.92
00.01089    4.34    9.92
00.01090    4.34    9.96
00.01091    4.34    9.96
00.01092    4.34    9.96
00.01093    4.34    9.96
00.01094    4.34    9.96
00.01095    4.34    9.96
00.01096    4.34    9.92
00.01097    4.34    9.92
00.01098    4.34    9.88
00.01099    4.34    9.84
00.01100    4.34    9.80
00.01101    4.34    9.76
00.01102    4.34    9.64
00.01103    4.34    9.56
00.01104    4.34    9.44
00.01105    4.34    9.32
00.01106    4.34    9.20
00.01107    4.34    9.08
00.01108    4.34    9.00
00.01109    4.34    8.84
00.01110    4.34    8.72
00.01111    4.34    8.60
00.01112    4.34    8.48
00.01113    4.34    8.32
00.01114    4.34    8.20
00.01115    4.34    8.08
00.01116    4.34    7.92
00.01117    4.34    7.84
00.01118    4.34    7.72
00.01119    4.34    7.60
00.01120    4.34    7.48
00.01121    4.34    7.40
00.01122    4.34    7.32
00.01123    4.34    7.24
00.01124    4.34    7.16
00.01125    4.34    7.08
00.01126    4.34    6.96
00.01127    4.34    6.84
00.01128    4.34    6.72
00.01129    4.34    6.56
00.01130    4.34    6.48
00.01131    4.34    6.36
00.01132    4.34    6.28
00.01133    4.34    6.20
00.01134    4.34    6.08
00.01135    4.34    6.00
00.01136    4.34    5.96
00.01137    4.34    5.92
00.01138    4.34    5.88
00.01139    4.34    5.88
00.01140    4.34    5.88
00.01141    4.34    5.88
00.01142    4.34    5.88
00.01143    4.34    5.92
00.01144    4.34    5.92
00.01145    4.34    5.96
00.01146    4.34    6.00
00.01147    4.34    6.04
00.01148    4.34    6.08
00.01149    4.34    6.08
00.01150    4.34    6.08
00.01151    4.34    6.12
00.01152    4.34    6.16
00.01153    4.34    6.20
00.01154    4.34    6.24
00.01155    4.34    6.24
00.01156    4.34    6.28
00.01157    4.34    6.36
00.01158    4.34    6.36
00.01159    4.34    6.44
00.01160    4.34    6.48
00.01161    4.34    6.52
00.01162    4.34    6.52
00.01163    4.34    6.56
00.01164    4.34    6.60
00.01165    4.34    6.64
00.01166    4.34    6.64
00.01167    4.34    6.68
00.01168    4.34    6.68
00.01169    4.34    6.68
00.01170    4.34    6.72
00.01171    4.34    6.68
00.01172    4.34    6.68
00.01173    4.34    6.68
00.01174    4.34    6.64
00.01175    4.34    6.60
00.01176    4.34    6.56
00.01177    4.34    6.52
00.01178    4.34    6.44
00.01179    4.34    6.40
00.01180    4.34    6.36
00.01181    4.34    6.32
00.01182    4.34    6.28
00.01183    4.34    6.20
00.01184    4.34    6.16
00.01185    4.34    6.12
00.01186    4.34    6.12
00.01187    4.34    6.08
00.01188    4.34    6.04
00.01189    4.34    6.04
00.01190    4.34    6.04
00.01191    4.34    6.04
00.01192    4.34    6.08
00.01193    4.34    6.08
00.01194    4.34    6.12
00.01195    4.34    6.12
00.01196    4.34    6.16
00.01197    4.34    6.20
00.01198    4.34    6.24
00.01199    4.34    6.28
00.01200    4.34    6.32
00.01201    4.34    6.36
00.01202    4.34    6.40
00.01203    4.34    6.44
00.01204    4.34    6.52
00.01205    4.34    6.56
00.01206    4.34    6.56
00.01207    4.34    6.64
00.01208    4.34    6.68
00.01209    4.34    6.72
00.01210    4.34    6.76
00.01211    4.34    6.76
00.01212    4.34    6.76
00.01213    4.34    6.76
00.01214    4.34    6.80
00.01215    4.34    6.76
00.01216    4.34    6.76
00.01217    4.34    6.72
00.01218    4.34    6.76
00.01219    4.34    6.72
00.01220    4.34    6.72
00.01221    4.34    6.68
00.01222    4.34    6.68
00.01223    4.34    6.68
00.01224    4.34    6.64
00.01225    4.34    6.64
00.01226    4.34    6.64
00.01227    4.34    6.64
00.01228    4.34    6.60
00.01229    4.34    6.64
00.01230    4.34    6.64
00.01231    4.34    6.64
00.01232    4.34    6.64
00.01233    4.34    6.64
00.01234    4.34    6.68
00.01235    4.34    6.68
00.01236    4.34    6.68
00.01237    4.34    6.68
00.01238    4.34    6.68
00.01239    4.34    6.68
00.01240    4.34    6.68
00.01241    4.34    6.68
00.01242    4.34    6.68
00.01243    4.34    6.72
00.01244    4.34    6.72
00.01245    4.34    6.68
00.01246    4.34    6.72
00.01247    4.34    6.68
00.01248    4.34    6.68
00.01249    4.34    6.68
00.01250    4.34    6.68
00.01251    4.34    6.68
00.01252    4.34    6.68
00.01253    4.34    6.68
00.01254    4.34    6.68
00.01255    4.34    6.64
00.01256    4.34    6.68
00.01257    4.34    6.64
00.01258    4.34    6.64
00.01259    4.34    6.64
00.01260    4.34    6.60
00.01261    4.34    6.60
00.01262    4.34    6.60
00.01263    4.34    6.60
00.01264    4.34    6.56
00.01265    4.34    6.60
00.01266    4.34    6.56
00.01267    4.34    6.56
00.01268    4.34    6.56
00.01269    4.34    6.60
00.01270    4.34    6.56
00.01271    4.34    6.56
00.01272    4.34    6.56
00.01273    4.34    6.60
00.01274    4.34    6.56
00.01275    4.34    6.60
00.01276    4.34    6.56
00.01277    4.34    6.56
00.01278    4.34    6.60
00.01279    4.34    6.60
00.01280    4.34    6.64
00.01281    4.34    6.64
00.01282    4.34    6.68
00.01283    4.34    6.68
00.01284    4.34    6.68
00.01285    4.34    6.72
00.01286    4.34    6.68
00.01287    4.34    6.72
00.01288    4.34    6.72
00.01289    4.34    6.72
00.01290    4.34    6.72
00.01291    4.34    6.72
00.01292    4.34    6.72
00.01293    4.34    6.72
00.01294    4.34    6.72
00.01295    4.34    6.72
00.01296    4.34    6.72
00.01297    4.34    6.68
00.01298    4.34    6.68
00.01299    4.34    6.68
00.01300    4.34    6.64
00.01301    4.34    6.64
00.01302    4.34    6.64
00.01303    4.34    6.60
00.01304    4.34    6.60
00.01305    4.34    6.60
00.01306    4.34    6.60
00.01307    4.34    6.56
00.01308    4.34    6.56
00.01309    4.34    6.56
00.01310    4.34    6.56
00.01311    4.34    6.56
00.01312    4.34    6.56
00.01313    4.34    6.60
00.01314    4.34    6.60
00.01315    4.34    6.64
00.01316    4.34    6.64
00.01317    4.34    6.64
00.01318    4.34    6.68
00.01319    4.34    6.72
00.01320    4.34    6.72
00.01321    4.34    6.76
00.01322    4.34    6.76
00.01323    4.34    6.80
00.01324    4.34    6.84
00.01325    4.34    6.84
00.01326    4.34    6.84
00.01327    4.34    6.84
00.01328    4.34    6.88
00.01329    4.34    6.88
00.01330    4.34    6.88
00.01331    4.34    6.88
00.01332    4.34    6.88
00.01333    4.34    6.84
00.01334    4.34    6.84
00.01335    4.34    6.84
00.01336    4.34    6.84
00.01337    4.34    6.84
00.01338    4.34    6.84
00.01339    4.34    6.84
00.01340    4.34    6.84
00.01341    4.34    6.84
00.01342    4.34    6.84
00.01343    4.34    6.80
00.01344    4.34    6.80
00.01345    4.34    6.76
00.01346    4.34    6.76
00.01347    4.34    6.80
00.01348    4.34    6.80
00.01349    4.34    6.76
00.01350    4.34    6.76
00.01351    4.34    6.80
00.01352    4.34    6.76
00.01353    4.34    6.80
00.01354    4.34    6.80
00.01355    4.34    6.76
00.01356    4.34    6.80
00.01357    4.34    6.80
00.01358    4.34    6.80
00.01359    4.34    6.76
00.01360    4.34    6.80
00.01361    4.34    6.80
00.01362    4.34    6.76
00.01363    4.34    6.76
00.01364    4.34    6.72
00.01365    4.34    6.72
00.01366    4.34    6.72
00.01367    4.34    6.72
00.01368    4.34    6.72
00.01369    4.34    6.72
00.01370    4.34    6.68
00.01371    4.34    6.68
00.01372    4.34    6.68
00.01373    4.34    6.64
00.01374    4.34    6.64
00.01375    4.34    6.68
00.01376    4.34    6.60
00.01377    4.34    6.64
00.01378    4.34    6.60
00.01379    4.34    6.60
00.01380    4.34    6.60
00.01381    4.34    6.56
00.01382    4.34    6.56
00.01383    4.34    6.56
00.01384    4.34    6.60
00.01385    4.34    6.56
00.01386    4.34    6.56
00.01387    4.34    6.60
00.01388    4.34    6.56
00.01389    4.34    6.60
00.01390    4.34    6.56
00.01391    4.34    6.56
00.01392    4.34    6.52
00.01393    4.34    6.56
00.01394    4.34    6.52
00.01395    4.34    6.52
00.01396    4.34    6.52
00.01397    4.34    6.48
00.01398    4.34    6.48
00.01399    4.34    6.44
00.01400    4.34    6.44
00.01401    4.34    6.40
00.01402    4.34    6.40
00.01403    4.34    6.40
00.01404    4.34    6.40
00.01405    4.34    6.36
00.01406    4.34    6.36
00.01407    4.34    6.36
00.01408    4.34    6.36
00.01409    4.34    6.36
00.01410    4.34    6.36
00.01411    4.34    6.32
00.01412    4.34    6.32
00.01413    4.34    6.32
00.01414    4.34    6.32
00.01415    4.34    6.32
00.01416    4.34    6.32
00.01417    4.34    6.28
00.01418    4.34    6.32
00.01419    4.34    6.32
00.01420    4.34    6.32
00.01421    4.34    6.32
00.01422    4.34    6.28
00.01423    4.34    6.32
00.01424    4.34    6.32
00.01425    4.34    6.32
00.01426    4.34    6.32
00.01427    4.34    6.36
00.01428    4.34    6.36
00.01429    4.34    6.36
00.01430    4.34    6.36
00.01431    4.34    6.36
00.01432    4.34    6.36
00.01433    4.34    6.36
00.01434    4.34    6.36
00.01435    4.34    6.40
00.01436    4.34    6.40
00.01437    4.34    6.40
00.01438    4.34    6.36
00.01439    4.34    6.36
00.01440    4.34    6.40
00.01441    4.34    6.40
00.01442    4.34    6.40
00.01443    4.34    6.40
00.01444    4.34    6.44
00.01445    4.34    6.44
00.01446    4.34    6.44
00.01447    4.34    6.44
00.01448    4.34    6.44
00.01449    4.34    6.44
00.01450    4.34    6.44
00.01451    4.34    6.48
00.01452    4.34    6.44
00.01453    4.34    6.44
00.01454    4.34    6.48
00.01455    4.34    6.48
00.01456    4.34    6.44
00.01457    4.34    6.44
00.01458    4.34    6.44
00.01459    4.34    6.44
00.01460    4.34    6.48
00.01461    4.34    6.48
00.01462    4.34    6.48
00.01463    4.34    6.44
00.01464    4.34    6.48
00.01465    4.34    6.48
00.01466    4.34    6.48
00.01467    4.34    6.48
00.01468    4.34    6.48
00.01469    4.34    6.52
00.01470    4.34    6.48
00.01471    4.34    6.52
00.01472    4.34    6.52
00.01473    4.34    6.52
00.01474    4.34    6.52
00.01475    4.34    6.52
00.01476    4.34    6.52
00.01477    4.34    6.48
00.01478    4.34    6.52
00.01479    4.34    6.52
00.01480    4.34    6.52
00.01481    4.34    6.52
00.01482    4.34    6.52
00.01483    4.34    6.48
00.01484    4.34    6.48
00.01485    4.34    6.48
00.01486    4.34    6.48
00.01487    4.34    6.48
00.01488    4.34    6.44
00.01489    4.34    6.40
00.01490    4.34    6.44
00.01491    4.34    6.40
00.01492    4.34    6.40
00.01493    4.34    6.40
00.01494    4.34    6.36
00.01495    4.34    6.40
00.01496    4.34    6.40
00.01497    4.34    6.40
00.01498    4.34    6.40
00.01499    4.34    6.36
00.01500    4.34    6.36
00.01501    4.34    6.36
00.01502    4.34    6.36
00.01503    4.34    6.36
00.01504    4.34    6.36
00.01505    4.34    6.36
00.01506    4.34    6.36
00.01507    4.34    6.36
00.01508    4.34    6.36
00.01509    4.34    6.36
00.01510    4.34    6.40
00.01511    4.34    6.36
00.01512    4.34    6.36
00.01513    4.34    6.36
00.01514    4.34    6.36
00.01515    4.34    6.40
00.01516    4.34    6.36
00.01517    4.34    6.40
00.01518    4.34    6.36
00.01519    4.34    6.40
00.01520    4.34    6.40
00.01521    4.34    6.40
00.01522    4.34    6.36
00.01523    4.34    6.36
00.01524    4.34    6.36
00.01525    4.34    6.36
00.01526    4.34    6.36
00.01527    4.34    6.36
00.01528    4.34    6.36
00.01529    4.34    6.36
00.01530    4.34    6.36
00.01531    4.34    6.36
00.01532    4.34    6.36
00.01533    4.34    6.36
00.01534    4.34    6.36
00.01535    4.34    6.36
00.01536    4.34    6.36
00.01537    4.34    6.36
00.01538    4.34    6.36
00.01539    4.34    6.36
00.01540    4.34    6.36
00.01541    4.34    6.36
00.01542    4.34    6.40
00.01543    4.34    6.36
00.01544    4.34    6.36
00.01545    4.34    6.36
00.01546    4.34    6.36
00.01547    4.34    6.36
00.01548    4.34    6.40
00.01549    4.34    6.40
00.01550    4.34    6.40
00.01551    4.34    6.40
00.01552    4.34    6.40
00.01553    4.34    6.40
00.01554    4.34    6.40
00.01555    4.34    6.40
00.01556    4.34    6.40
00.01557    4.34    6.40
00.01558    4.34    6.40
00.01559    4.34    6.40
00.01560    4.34    6.40
00.01561    4.34    6.40
00.01562    4.34    6.40
00.01563    4.34    6.40
00.01564    4.34    6.40
00.01565    4.34    6.40
00.01566    4.34    6.40
00.01567    4.34    6.40
00.01568    4.34    6.40
00.01569    4.34    6.40
