#Conversion,tBuOH,Conversion,iBuOH,Conversion,sBuOH,Conversion,nBuOH,,,,,,,
0,0,0,0,0,0,0,0
5.09E-12,3.38E-15,4.17E-12,6.12E-15,3.61E-12,8.09E-15,5.05E-12,2.83E-29
3.83E-11,6.97E-14,2.96E-11,1.59E-13,2.78E-11,1.79E-13,2.56E-11,4.88E-27
2.77E-10,7.09E-13,8.04E-11,6.37E-13,1.23E-10,1.10E-12,8.29E-11,1.88E-25
1.11E-08,3.02E-11,4.87E-10,4.61E-12,3.26E-09,3.22E-11,7.37E-10,1.69E-22
1.76E-07,5.68E-10,2.04E-08,1.99E-10,1.26E-08,1.30E-10,7.99E-09,2.21E-19
4.97E-07,2.04E-09,8.38E-08,8.24E-10,2.06E-08,2.18E-10,2.70E-08,7.15E-18
1.05E-06,5.56E-09,2.06E-07,2.04E-09,3.00E-08,3.24E-10,6.26E-08,7.91E-17
2.29E-06,1.67E-08,4.55E-07,4.56E-09,3.96E-08,4.32E-10,1.39E-07,7.50E-16
3.20E-06,2.67E-08,9.60E-07,9.78E-09,5.02E-08,5.53E-10,2.80E-07,4.74E-15
8.19E-06,9.93E-08,2.11E-06,2.20E-08,6.88E-08,7.64E-10,5.67E-07,2.75E-14
8.58E-06,1.06E-07,4.61E-06,4.92E-08,8.48E-08,9.47E-10,1.20E-06,1.57E-13
1.74E-05,2.66E-07,1.26E-05,1.39E-07,1.00E-07,1.12E-09,2.70E-06,9.14E-13
3.19E-05,5.61E-07,2.66E-05,3.01E-07,1.88E-07,2.13E-09,4.17E-06,2.15E-12
5.60E-05,1.09E-06,8.24E-05,9.71E-07,3.84E-07,4.40E-09,1.26E-05,2.08E-11
9.66E-05,2.00E-06,0.00013548,1.59E-06,7.23E-07,8.39E-09,1.66E-05,3.31E-11
0.00016517,3.58E-06,0.00022001,2.59E-06,1.46E-06,1.73E-08,4.46E-05,2.26E-10
0.00028181,6.29E-06,0.00031807,3.74E-06,3.18E-06,3.85E-08,0.00010206,1.07E-09
0.00048061,1.10E-05,0.000435,5.11E-06,8.48E-06,1.06E-07,0.00021556,4.39E-09
0.00081997,1.90E-05,0.00045772,5.37E-06,2.47E-05,3.20E-07,0.00043501,1.69E-08
0.0013996,3.27E-05,0.00087315,1.03E-05,3.09E-05,4.03E-07,0.00085417,6.23E-08
0.0023895,5.61E-05,0.0013282,1.57E-05,7.27E-05,9.66E-07,0.0016471,2.24E-07
0.0040784,9.60E-05,0.0024765,2.94E-05,0.00014185,1.90E-06,0.0031302,7.80E-07
0.0069543,0.00016409,0.0035525,4.21E-05,0.00024953,3.36E-06,0.0058578,2.61E-06
0.011834,0.00027949,0.0062707,7.43E-05,0.00041156,5.56E-06,0.01074,8.17E-06
0.020062,0.00047384,0.0088219,0.00010408,0.00064992,8.80E-06,0.017588,1.99E-05
0.033805,0.00079773,0.01741,0.00020486,0.00099494,1.35E-05,0.019125,2.30E-05
0.056415,0.0013289,0.019776,0.00023214,0.0014878,2.01E-05,0.032724,5.90E-05
0.089103,0.002092,0.031588,0.00036795,0.0021835,2.95E-05,0.053341,0.00013185
0.092806,0.0021773,0.038688,0.00044912,0.0031535,4.26E-05,0.082551,0.00025899
0.14967,0.0035008,0.060194,0.00069282,0.0044876,6.05E-05,0.12157,0.0004554
0.22661,0.0052793,0.06571,0.00075528,0.0062942,8.45E-05,0.17134,0.00073253
0.23526,0.0054777,0.096457,0.0011006,0.0086981,0.0001163,0.23257,0.0010991
0.31069,0.007209,0.099296,0.0011325,0.011835,0.00015739,0.29311,0.0014798
0.35854,0.0083037,0.13779,0.0015623,0.015844,0.00020939,0.30589,0.001562
0.45136,0.010425,0.18012,0.0020326,0.020865,0.00027375,0.39184,0.0021275
0.52747,0.012161,0.22569,0.0025365,0.027027,0.00035177,0.49089,0.0028006
0.7135,0.016394,0.27422,0.0030706,0.034457,0.0004446,0.6035,0.0035863
0.74676,0.017149,0.32558,0.0036335,0.043274,0.00055329,0.73013,0.0044891
0.97662,0.022356,0.3797,0.0042242,0.053598,0.00067881,0.87125,0.0055136
1.0159,0.023245,0.43656,0.0048423,0.065545,0.00082211,1.0273,0.0066646
1.3288,0.0303,0.49616,0.0054878,0.079238,0.00098417,1.1989,0.007947
1.6758,0.038098,0.55849,0.0061606,0.0948,0.001166,1.3864,0.009366
1.9926,0.045205,0.62358,0.0068607,0.11236,0.0013685,1.5906,0.010927
2.0462,0.046407,0.69146,0.0075884,0.13205,0.0015929,1.812,0.012637
2.3228,0.052601,0.76214,0.0083439,0.15401,0.0018403,2.0514,0.014501
2.4309,0.055018,0.83569,0.0091275,0.17838,0.0021117,2.3095,0.016527
2.6527,0.059971,0.91213,0.0099397,0.20534,0.0024086,2.5871,0.018724
2.8233,0.063775,0.99154,0.010781,0.23503,0.0027322,2.8853,0.021099
3.0211,0.068179,1.074,0.011652,0.26763,0.003084,3.2049,0.023662
3.208,0.072334,1.1595,0.012553,0.30334,0.0034654,3.4356,0.025523
3.2189,0.072576,1.2482,0.013485,0.34235,0.0038782,3.5471,0.026425
3.5445,0.079795,1.3402,0.014449,0.38487,0.004324,3.7961,0.028445
3.6148,0.081352,1.4355,0.015445,0.43113,0.0048047,3.9133,0.029398
3.9626,0.089037,1.5343,0.016475,0.48136,0.0053223,4.1544,0.031365
4.0089,0.090059,1.6367,0.01754,0.53582,0.0058788,4.3049,0.032597
4.3997,0.098662,1.7428,0.018641,0.59479,0.0064766,4.6756,0.035642
4.7862,0.10714,1.8527,0.019778,0.65855,0.0071181,4.7235,0.036037
5.1673,0.11546,1.9666,0.020954,0.72742,0.0078057,5.171,0.039736
5.5425,0.12363,2.0846,0.02217,0.80172,0.0085424,5.6497,0.043714
5.911,0.13162,2.2069,0.023427,0.88182,0.0093309,6.1619,0.047996
6.2725,0.13942,2.3337,0.024727,0.96809,0.010175,6.7107,0.05261
6.6268,0.14703,2.4652,0.026072,1.0609,0.011077,7.2995,0.057587
6.9736,0.15445,2.6015,0.027463,1.1608,0.012041,7.9322,0.062968
7.313,0.16168,2.7429,0.028903,1.2681,0.013071,8.6139,0.068797
7.6452,0.16872,2.8896,0.030394,1.3835,0.014172,9.35,0.07513
7.9706,0.17559,3.0419,0.031938,1.5073,0.015347,10.147,0.082031
8.2897,0.18229,3.2,0.033537,1.6403,0.016602,11.015,0.089581
8.6031,0.18884,3.3643,0.035195,1.783,0.017942,11.961,0.097875
8.9117,0.19526,3.535,0.036914,1.9362,0.019372,13,0.10703
9.2162,0.20156,3.7125,0.038698,2.1005,0.0209,14.145,0.11719
9.5176,0.20777,3.8971,0.040549,2.2767,0.02253,15.416,0.12854
9.8171,0.21389,4.0892,0.042472,2.4658,0.024272,16.836,0.14129
10.116,0.21997,4.2893,0.04447,2.6686,0.026132,18.435,0.15573
10.414,0.22601,4.4978,0.046548,2.8863,0.028119,19.516,0.16552
10.715,0.23205,4.7152,0.048709,3.1198,0.030243,20.251,0.17218
11.018,0.2381,4.942,0.05096,3.3705,0.032515,21.058,0.17951
11.325,0.24419,5.1789,0.053306,3.6396,0.034944,21.781,0.18607
11.637,0.25035,5.4264,0.055752,3.9287,0.037544,22.336,0.19111
11.956,0.25659,5.6852,0.058305,4.2394,0.040329,24.593,0.21165
12.284,0.26294,5.9561,0.060972,4.5734,0.043313,24.759,0.21315
12.621,0.26942,6.24,0.063761,4.9329,0.046514,26.731,0.23101
12.97,0.27607,6.5377,0.066681,5.3198,0.04995,27.63,0.23911
13.333,0.2829,6.8504,0.06974,5.7369,0.053642,28.838,0.24994
13.711,0.28994,7.179,0.07295,6.1867,0.057613,29.789,0.25844
14.107,0.29723,7.5248,0.076322,6.6723,0.06189,31.154,0.27055
14.524,0.3048,7.8893,0.07987,7.1972,0.066502,34.925,0.30395
14.964,0.31268,8.2739,0.083607,7.7653,0.071481,35.809,0.31158
15.432,0.32091,8.6805,0.08755,8.3808,0.076866,38.535,0.335
15.931,0.32954,9.0807,0.091424,9.0488,0.082697,40.431,0.35098
16.468,0.33863,9.111,0.091717,9.7746,0.089024,41.558,0.36037
17.048,0.34823,9.5676,0.096131,10.565,0.095899,42.557,0.36863
17.681,0.35842,10.053,0.10081,11.426,0.10338,43.115,0.37321
18.378,0.36931,10.57,0.10579,12.367,0.11155,46.467,0.40068
19.154,0.38099,11.122,0.1111,13.396,0.12048,49.255,0.42291
20.03,0.39363,11.712,0.11678,14.524,0.13027,51.387,0.43952
20.849,0.40488,12.346,0.12286,15.766,0.14103,53.124,0.4528
21.039,0.4074,13.029,0.1294,17.04,0.15208,54.364,0.46214
21.719,0.41623,13.768,0.13647,17.138,0.15293,55.477,0.47043
22.227,0.42258,14.569,0.14413,18.056,0.16089,56.375,0.47706
23.673,0.43957,15.444,0.15248,18.665,0.16617,57.598,0.48599
25.523,0.4589,16.403,0.16163,19.38,0.17236,59.15,0.49719
27.751,0.47877,17.463,0.17174,20.014,0.17786,59.151,0.49719
28.086,0.48144,18.644,0.183,20.389,0.1811,59.151,0.49719
29.298,0.49049,19.845,0.19444,20.97,0.18614,59.152,0.4972
30.259,0.49699,19.974,0.19566,21.943,0.19457,59.154,0.49721
31.079,0.50211,21.016,0.20558,22.377,0.19833,59.162,0.49727
31.744,0.50597,21.493,0.21012,24.443,0.21631,59.174,0.49736
32.24,0.5087,23.263,0.22701,24.763,0.21907,59.192,0.49748
33.497,0.51506,25.384,0.24728,26.432,0.23353,59.234,0.49778
36.107,0.52598,28.042,0.27279,27.821,0.24552,59.398,0.49895
38.029,0.53233,31.248,0.30372,29.069,0.25626,59.733,0.50133
39.756,0.53703,31.636,0.3074,30.185,0.26584,60.376,0.50588
40.845,0.53958,33.155,0.32184,31.682,0.27868,61.118,0.5111
41.888,0.54175,33.894,0.32884,32.245,0.28347,61.911,0.51662
42.723,0.54332,36.863,0.35736,33.776,0.29654,62.765,0.52251
43.388,0.54447,37.348,0.36194,35.122,0.30799,63.655,0.5286
44.95,0.54687,40.65,0.39371,36.215,0.31724,64.36,0.53337
46.234,0.54855,42.97,0.41577,37.086,0.32458,65.387,0.54024
47.294,0.54978,44.798,0.43303,37.954,0.33189,67.69,0.55545
47.577,0.55008,46.314,0.4473,38.787,0.33889,69.221,0.56526
47.577,0.55008,47.671,0.46005,40.82,0.35602,71.144,0.57733
47.577,0.55008,49.154,0.47396,43.965,0.38261,73.1,0.58926
47.578,0.55008,50.786,0.48925,46.157,0.40084,74.762,0.59913
47.578,0.55008,51.997,0.50055,47.58,0.41257,76,0.6063
47.578,0.55008,52.938,0.5093,48.792,0.4225,77.131,0.61274
47.58,0.55008,54.204,0.52108,49.885,0.43143,78.129,0.61829
47.585,0.55009,55.937,0.5372,51.5,0.4446,79.888,0.62791
47.588,0.55009,56.914,0.54622,53.422,0.46022,81.07,0.63416
47.592,0.55009,58.643,0.5622,54.921,0.47231,82.085,0.63947
47.597,0.5501,59.935,0.57407,56.084,0.48164,83.319,0.64573
47.608,0.55011,61.152,0.5852,57.135,0.49004,84.92,0.65368
47.677,0.55018,61.908,0.59208,58.139,0.49802,86.146,0.65961
47.803,0.55031,61.908,0.59208,58.284,0.49918,87.089,0.66405
48.025,0.55054,61.908,0.59208,58.285,0.49918,87.94,0.66803
48.425,0.55093,61.908,0.59208,58.285,0.49919,88.134,0.66895
49.157,0.5516,61.909,0.59209,58.288,0.49921,88.794,0.67195
50.733,0.55288,61.911,0.5921,58.297,0.49928,88.992,0.67282
51.025,0.5531,61.914,0.59213,58.309,0.49937,88.997,0.67282
52.57,0.55412,61.919,0.59218,58.333,0.49956,89.032,0.67301
53.636,0.55473,61.931,0.59229,58.416,0.50023,89.19,0.6737
54.628,0.55523,61.95,0.59246,58.643,0.50202,90.438,0.6793
55.42,0.5556,61.996,0.59287,59.065,0.50536,92.393,0.68786
56.458,0.55603,62.168,0.59444,59.775,0.51096,93.67,0.69339
57.856,0.55654,62.503,0.59747,61.368,0.52354,94.499,0.69691
58.939,0.55688,63.186,0.60365,63.067,0.53686,95.428,0.70103
59.808,0.55713,63.973,0.61076,64.312,0.54655,96.303,0.70495
60.59,0.55733,64.757,0.6178,65.229,0.55364,96.837,0.70743
62.536,0.55777,65.476,0.62423,65.985,0.55947,97.217,0.70924
64.266,0.55809,66.159,0.63033,66.675,0.56476,97.741,0.71191
65.553,0.55829,66.874,0.63668,67.502,0.5711,97.913,0.71278
66.736,0.55844,67.791,0.64479,70.007,0.59021,97.99,0.71327
67.727,0.55856,70.518,0.66882,71.585,0.60207,98.034,0.71352
68.767,0.55868,73.052,0.69051,72.823,0.61129,98.035,0.71352
69.894,0.55878,74.992,0.70659,73.946,0.61953,98.041,0.71352
71.972,0.55895,76.493,0.71862,76.49,0.6381,98.086,0.71376
73.814,0.55907,77.66,0.72768,78.511,0.65251,98.173,0.71424
74.669,0.55911,79.133,0.7388,79.738,0.6611,98.273,0.71484
75.524,0.55916,80.67,0.74988,80.783,0.66828,98.37,0.71543
75.809,0.55917,81.967,0.75881,82.317,0.67865,98.605,0.71692
75.811,0.55917,82.951,0.76535,84.791,0.69478,98.803,0.71825
75.823,0.55917,83.952,0.77158,86.3,0.70423,98.971,0.71942
75.895,0.55917,84.99,0.77782,86.76,0.70703,99.204,0.72133
77.078,0.55922,85.905,0.78297,87.638,0.71225,99.368,0.72275
79.832,0.55932,86.804,0.78781,87.641,0.71225,99.522,0.72436
81.443,0.55936,87.496,0.7913,87.654,0.71234,99.609,0.72548
82.561,0.55939,88.29,0.79506,87.727,0.71276,99.671,0.72624
84.18,0.55942,88.303,0.79506,88.471,0.71706,99.763,0.72763
85.296,0.55944,88.322,0.79518,90.08,0.72596,99.825,0.72876
86.14,0.55945,88.416,0.79567,90.976,0.73065,99.859,0.72948
86.818,0.55946,89.42,0.80004,91.85,0.73504,99.883,0.73012
87.72,0.55947,90.858,0.80558,92.812,0.73949,99.9,0.73052
89.243,0.55949,91.869,0.80892,93.598,0.74294,99.915,0.73099
90.323,0.5595,92.578,0.81112,94.273,0.74574,99.926,0.73139
91.19,0.5595,93.597,0.81388,94.881,0.74806,99.951,0.73233
91.499,0.55951,94.573,0.8161,95.798,0.75125,99.972,0.73343
91.726,0.55951,95.294,0.81756,96.384,0.75308,99.988,0.73483
91.836,0.55951,95.8,0.81844,96.763,0.75416,99.994,0.73576
91.836,0.55951,96.482,0.81947,97.036,0.75487,99.997,0.73637
91.836,0.55951,96.989,0.82016,97.195,0.75529,99.999,0.73728
91.839,0.55951,97.206,0.82041,97.303,0.75555,99.999,0.73788
91.865,0.55951,97.294,0.8205,97.332,0.75561,100,0.73833
91.965,0.55951,97.357,0.82058,97.394,0.75576,100,0.73863
92.132,0.55951,97.394,0.82061,97.414,0.75583,100,0.73885
92.323,0.55951,97.394,0.82061,97.415,0.75583,100,0.73907
92.635,0.55951,97.395,0.82061,97.438,0.75587,100,0.73921
92.919,0.55951,97.399,0.82064,97.501,0.75601,100,0.7395
93.202,0.55952,97.435,0.82066,97.586,0.75621,100,0.73986
93.585,0.55952,97.503,0.82074,97.757,0.75659,100,0.74036
94.811,0.55952,97.56,0.82079,97.927,0.75694,100,0.74063
95.783,0.55953,97.676,0.82093,98.08,0.75726,100,0.74084
96.524,0.55953,97.867,0.82111,98.217,0.75751,100,0.74097
97.023,0.55953,98.041,0.82126,98.367,0.75779,100,0.7411
97.449,0.55953,98.199,0.8214,98.501,0.75802,100,0.74123
97.841,0.55953,98.321,0.8215,98.636,0.75824,100,0.74136
98.313,0.55953,98.533,0.82166,99.077,0.75887,100,0.74148
98.938,0.55953,98.795,0.82185,99.271,0.7591,100,0.74172
99.297,0.55953,98.949,0.82195,99.405,0.75924,100,0.74188
99.606,0.55954,99.053,0.82201,99.504,0.75934,100,0.74198
99.766,0.55954,99.153,0.82207,99.637,0.75946,100,0.74207
99.856,0.55954,99.221,0.8221,99.735,0.75953,100,0.74215
99.915,0.55954,99.278,0.82213,99.811,0.75958,100,0.74222
99.964,0.55954,99.422,0.8222,99.865,0.75961,100,0.74228
99.984,0.55954,99.53,0.82225,99.909,0.75964,100,0.74233
99.991,0.55954,99.606,0.82228,99.959,0.75966,100,0.74233
99.994,0.55954,99.663,0.82231,99.978,0.75966,100,0.74233
99.996,0.55954,99.715,0.82233,99.987,0.75967,100,0.74234
99.998,0.55954,99.757,0.82235,99.994,0.75967,100,0.74236
99.999,0.55954,99.843,0.82238,99.997,0.75967,100,0.74236
100,0.55954,99.897,0.8224,99.998,0.75966,100,0.74237
100,0.55954,99.928,0.82241,99.999,0.75966,100,0.74237
100,0.55954,99.95,0.82242,100,0.75966,100,0.74238
100,0.55954,99.966,0.82243,100,0.75966,100,0.74238
100,0.55954,99.976,0.82243,100,0.75966,100,0.74239
100,0.55954,99.983,0.82243,100,0.75966,100,0.7424
100,0.55954,99.987,0.82244,100,0.75966,100,0.7424
100,0.55954,99.991,0.82244,100,0.75966,100,0.74241
100,0.55954,99.994,0.82244,100,0.75966,100,0.74241
100,0.55954,99.996,0.82244,100,0.75966,100,0.74241
100,0.55954,99.998,0.82244,100,0.75966,100,0.74242
100,0.55954,99.998,0.82244,100,0.75966,100,0.74242
100,0.55954,99.999,0.82244,100,0.75966,100,0.74242
100,0.55954,99.999,0.82244,100,0.75966,100,0.74243
100,0.55954,100,0.82245,100,0.75966,100,0.74243
100,0.55954,100,0.82245,100,0.75966,100,0.74243
100,0.55954,100,0.82245,100,0.75966,100,0.74243
100,0.55954,100,0.82245,100,0.75966,100,0.74243
100,0.55954,100,0.82245,100,0.75966,100,0.74243
100,0.55954,100,0.82245,100,0.75966,100,0.74243
100,0.55954,100,0.82245,100,0.75966,100,0.74243
100,0.55954,100,0.82245,100,0.75966,100,0.74243
100,0.55954,100,0.82245,100,0.75966,100,0.74244
100,0.55954,100,0.82245,100,0.75966,100,0.74244
100,0.55954,100,0.82245,100,0.75966,100,0.74244
100,0.55954,100,0.82245,100,0.75966,100,0.74244
100,0.55954,100,0.82245,100,0.75966,100,0.74244
100,0.55954,100,0.82245,100,0.75966,100,0.74244
100,0.55954,100,0.82245,100,0.75966,100,0.74244
100,0.55954,100,0.82245,100,0.75966,100,0.74244
100,0.55954,100,0.82245,100,0.75966,100,0.74244
100,0.55954,100,0.82245,100,0.75966,100,0.74244
100,0.55954,100,0.82245,100,0.75966,100,0.74244
100,0.55954,100,0.82245,100,0.75966,100,0.74244
100,0.55954,100,0.82245,100,0.75966,100,0.74244
100,0.55954,100,0.82245,100,0.75966,100,0.74244
100,0.55954,100,0.82245,100,0.75966,100,0.74244
100,0.55954,100,0.82245,100,0.75966,100,0.74244
100,0.55954,100,0.82245,100,0.75966,100,0.74244
100,0.55954,100,0.82245,100,0.75966,100,0.74244
100,0.55954,100,0.82245,100,0.75966,100,0.74244
100,0.55954,100,0.82245,100,0.75966,100,0.74244
100,0.55954,100,0.82245,100,0.75966,100,0.74244
100,0.55954,100,0.82245,100,0.75966,100,0.74244
100,0.55954,100,0.82245,100,0.75966,100,0.74244
100,0.55954,100,0.82245,100,0.75966,100,0.74244
100,0.55954,100,0.82245,100,0.75966,100,0.74244
100,0.55954,100,0.82245,100,0.75966,100,0.74244
100,0.55954,100,0.82245,100,0.75966,100,0.74244
100,0.55954,100,0.82245,100,0.75966,100,0.74244
100,0.55954,100,0.82245,100,0.75966,100,0.74244
100,0.55954,100,0.82245,100,0.75966,100,0.74244
100,0.55954,100,0.82245,100,0.75966,100,0.74244
100,0.55954,100,0.82245,100,0.75966,100,0.74244
100,0.55954,100,0.82245,100,0.75966,100,0.74244
100,0.55954,100,0.82245,100,0.75966,100,0.74244
100,0.55954,100,0.82245,100,0.75966,100,0.74244
100,0.55954,100,0.82245,100,0.75966,100,0.74244
100,0.55954,100,0.82245,100,0.75966,100,0.74244
100,0.55954,100,0.82245,100,0.75966,100,0.74244
100,0.55954,100,0.82245,100,0.75966,100,0.74244
100,0.55954,100,0.82245,100,0.75966,100,0.74244
100,0.55954,100,0.82245,100,0.75966,100,0.74244
100,0.55954,100,0.82245,100,0.75966,100,0.74244
100,0.55954,100,0.82245,100,0.75966,100,0.74244
100,0.55954,100,0.82245,100,0.75966,100,0.74244
100,0.55954,100,0.82245,100,0.75966,100,0.74244
100,0.55954,100,0.82245,100,0.75966,100,0.74244
100,0.55954,100,0.82245,100,0.75966,100,0.74244
100,0.55954,100,0.82245,100,0.75966,100,0.74244
100,0.55954,100,0.82245,100,0.75966,100,0.74244
100,0.55954,100,0.82245,100,0.75966,100,0.74244
100,0.55954,100,0.82245,100,0.75966,100,0.74244
100,0.55954,100,0.82245,100,0.75966,100,0.74244
100,0.55954,100,0.82245,100,0.75966,100,0.74244
100,0.55954,100,0.82245,100,0.75966,100,0.74244
100,0.55954,100,0.82245,100,0.75966,100,0.74244
100,0.55954,100,0.82245,100,0.75966,100,0.74244
100,0.55954,100,0.82245,100,0.75966,100,0.74244
100,0.55954,100,0.82245,100,0.75966,100,0.74244
100,0.55954,100,0.82245,100,0.75966,100,0.74244
100,0.55954,100,0.82245,100,0.75966,100,0.74244
100,0.55954,100,0.82245,100,0.75966,100,0.74244
100,0.55954,100,0.82245,100,0.75966,100,0.74244
100,0.55954,100,0.82245,100,0.75966,100,0.74244
100,0.55954,100,0.82245,100,0.75966,100,0.74244
100,0.55954,100,0.82245,100,0.75966,100,0.74244
100,0.55954,100,0.82245,100,0.75966,100,0.74244
100,0.55954,100,0.82245,100,0.75966,100,0.74244
100,0.55954,100,0.82245,100,0.75966,100,0.74244
100,0.55954,100,0.82245,100,0.75966,100,0.74244
100,0.55954,100,0.82245,100,0.75966,100,0.74244
100,0.55954,100,0.82245,100,0.75966,100,0.74244
100,0.55954,100,0.82245,100,0.75966,100,0.74244
100,0.55954,100,0.82245,100,0.75966,100,0.74244
100,0.55954,100,0.82245,100,0.75966,100,0.74244
100,0.55954,100,0.82245,100,0.75966,100,0.74244
100,0.55954,100,0.82245,100,0.75966,100,0.74244
100,0.55954,100,0.82245,100,0.75966,100,0.74244
100,0.55954,100,0.82245,100,0.75966,100,0.74244
100,0.55954,100,0.82245,100,0.75966,100,0.74244
100,0.55954,100,0.82245,100,0.75966,100,0.74244
100,0.55954,100,0.82245,100,0.75966,100,0.74244
100,0.55954,100,0.82245,100,0.75966,100,0.74244
100,0.55954,100,0.82245,100,0.75966,100,0.74244
100,0.55954,100,0.82245,100,0.75966,100,0.74244
100,0.55954,100,0.82245,100,0.75966,100,0.74244
100,0.55954,100,0.82245,100,0.75966,100,0.74244
100,0.55954,100,0.82245,100,0.75966,100,0.74244
100,0.55954,100,0.82245,100,0.75966,100,0.74244
100,0.55954,100,0.82245,100,0.75966,100,0.74244
100,0.55954,100,0.82245,100,0.75966,100,0.74244
100,0.55954,100,0.82245,100,0.75966,100,0.74244
100,0.55954,100,0.82245,100,0.75966,100,0.74244
100,0.55954,100,0.82245,,,100,0.74244
100,0.55954,100,0.82245,,,100,0.74244
100,0.55954,100,0.82245,,,100,0.74244
100,0.55954,100,0.82245,,,100,0.74244
100,0.55954,100,0.82245,,,,
100,0.55954,100,0.82245,,,,
100,0.55954,100,0.82245,,,,
100,0.55954,100,0.82245,,,,
100,0.55954,100,0.82245,,,,
100,0.55954,100,0.82245,,,,
100,0.55954,100,0.82245,,,,
,,100,0.82245,,,,
,,100,0.82245,,,,
,,100,0.82245,,,,
,,100,0.82245,,,,
,,100,0.82245,,,,
,,100,0.82245,,,,
